-57,-96,15,6,3,0,0,0,0,0,0,0,8,44,9,32,3,36,8,15,5,9,9,13,6,44,10,13,3,20,6,59,10,46,12,31,8,14,9,17,3,20,6,33,11,14,11,28,3,26,5,17,11,20,9,17,10,54,10,38,6,18,3,20,5,-6,9,3,10,53,7,27,6,40,8,0,3,47,6,1,5,54,5,-12,4,17,7,2,3,54,13,38,9,30,1,-2,9,52,3,-8,7,24,6,5,5,4,5,10,0,0,0,0,0,0,0,0,0,0,0,0,0,0,0,0,0,0,0,0
-52,-96,15,6,3,1,0,0,0,0,0,0,12,43,14,24,10,36,14,14,14,10,10,13,15,46,16,16,10,22,16,59,16,49,12,30,6,14,13,16,10,22,11,34,9,18,13,24,7,25,8,19,15,15,16,10,11,50,15,28,14,17,5,18,11,-3,11,1,16,50,16,27,10,41,15,0,7,49,14,-1,14,51,7,-8,14,13,16,0,7,48,13,29,12,27,8,-5,5,51,9,-9,9,23,6,5,12,8,5,8,0,0,0,0,0,0,0,0,0,0,0,0,0,0,0,0,0,0,0,0
-53,-96,15,6,3,2,0,0,0,0,0,0,12,40,25,22,15,33,17,18,31,11,16,12,18,44,20,15,14,18,22,60,24,47,19,26,12,15,21,16,15,20,14,36,14,12,13,27,14,22,12,16,18,15,18,9,17,52,21,28,15,20,8,19,13,-4,18,5,19,46,20,25,12,40,15,-1,13,42,15,0,16,52,10,-10,19,15,24,2,17,52,19,38,17,28,13,-5,15,51,8,-6,11,26,12,5,18,4,8,10,0,0,0,0,0,0,0,0,0,0,0,0,0,0,0,0,0,0,0,0
-52,-96,15,6,3,3,0,0,0,0,0,0,19,35,27,22,18,30,20,18,25,3,20,16,29,43,27,12,15,19,40,59,28,47,18,29,16,12,21,16,13,19,14,35,17,13,15,26,16,22,15,14,24,11,19,10,24,52,25,29,19,18,9,20,17,-9,26,4,27,45,25,25,21,41,19,0,15,45,15,0,20,48,11,-10,17,13,26,-2,24,48,30,29,22,29,12,-5,19,50,11,-8,15,23,14,7,18,4,11,9,0,0,0,0,0,0,0,0,0,0,0,0,0,0,0,0,0,0,0,0
-55,-96,15,6,3,4,0,0,0,0,0,0,24,38,29,22,17,31,26,11,29,6,24,12,32,40,27,9,18,18,32,54,25,47,26,29,19,11,24,7,16,17,15,31,19,8,19,20,18,20,19,11,29,11,26,8,27,45,22,28,24,16,11,19,21,-9,33,0,30,41,32,22,24,38,26,-5,17,42,18,-3,25,48,14,-10,20,8,30,0,20,49,30,29,24,28,16,-9,22,50,11,-8,16,21,15,1,20,3,10,9,0,0,0,0,0,0,0,0,0,0,0,0,0,0,0,0,0,0,0,0
-53,-96,15,6,3,5,0,0,0,0,0,0,19,37,35,21,20,29,32,12,34,0,25,8,31,37,33,6,23,19,32,54,34,44,27,27,16,11,26,6,21,17,20,29,31,6,21,22,22,16,20,11,26,9,23,6,24,50,31,28,24,11,10,17,20,-9,36,0,24,45,29,19,19,34,25,-7,17,41,20,-5,23,46,17,-13,24,9,29,-5,22,45,36,27,25,23,20,-9,24,49,14,-11,15,18,15,2,22,3,11,8,0,0,0,0,0,0,0,0,0,0,0,0,0,0,0,0,0,0,0,0
-51,-96,15,6,3,6,0,0,0,0,0,0,28,36,31,14,22,26,26,14,36,3,29,6,34,37,37,8,17,12,39,50,37,41,24,19,18,8,23,6,19,15,19,28,29,5,26,17,19,20,24,9,31,8,25,2,34,44,35,20,25,9,12,17,22,-12,29,-8,33,38,33,19,18,33,27,-9,18,40,21,-7,22,41,13,-15,25,5,29,-7,22,42,30,21,26,21,18,-7,23,43,15,-12,17,16,18,0,23,3,12,3,0,0,0,0,0,0,0,0,0,0,0,0,0,0,0,0,0,0,0,0
-53,-96,15,6,3,7,0,0,0,0,0,0,26,33,28,5,22,26,28,6,32,-3,29,6,30,31,24,1,19,10,36,45,34,31,27,18,19,4,24,0,20,14,18,28,26,2,28,13,23,13,21,5,30,6,29,2,33,40,30,18,24,9,12,15,23,-16,33,-7,36,33,34,9,24,30,24,-7,22,36,23,-8,27,44,14,-15,26,4,30,-15,22,39,28,20,26,20,22,-15,24,40,13,-12,16,15,14,-3,22,-2,11,5,0,0,0,0,0,0,0,0,0,0,0,0,0,0,0,0,0,0,0,0
-51,-96,15,6,3,8,0,0,0,0,0,0,23,27,32,9,20,21,28,7,32,-4,26,0,30,26,31,3,17,10,38,43,27,25,23,18,21,7,25,0,18,9,17,24,22,1,23,15,25,9,23,5,24,-3,20,-4,28,39,26,19,23,5,11,14,22,-16,36,-8,28,31,26,8,27,30,24,-14,19,35,20,-13,26,40,15,-19,26,3,31,-15,31,41,34,12,24,19,22,-16,20,36,15,-14,21,15,17,-1,26,-7,12,5,0,0,0,0,0,0,0,0,0,0,0,0,0,0,0,0,0,0,0,0
-52,-96,15,6,3,9,0,0,0,0,0,0,21,26,36,0,20,17,23,0,33,-10,23,0,26,28,31,-3,24,8,39,35,27,28,21,13,19,1,21,-1,18,7,21,19,25,-6,22,12,21,6,17,1,26,0,28,-6,23,33,24,12,18,2,12,10,19,-20,28,-18,30,32,30,4,22,22,26,-13,18,33,17,-13,22,34,14,-18,28,-1,29,-22,23,37,26,10,22,13,20,-16,25,36,11,-16,17,13,16,-6,26,-6,13,0,0,0,0,0,0,0,0,0,0,0,0,0,0,0,0,0,0,0,0,0
-51,-96,15,6,3,10,0,0,0,0,0,0,20,23,28,1,15,19,27,3,25,-12,21,-5,33,24,26,-10,16,6,34,34,28,26,25,8,16,1,23,-7,12,7,17,21,24,-7,26,6,13,8,18,-2,26,-4,22,-8,30,29,24,5,20,2,10,11,17,-26,24,-17,24,24,28,5,20,21,24,-15,19,33,21,-16,22,32,11,-17,18,-2,28,-22,24,34,20,7,20,11,17,-16,23,29,12,-19,19,8,12,-7,24,-12,12,1,0,0,0,0,0,0,0,0,0,0,0,0,0,0,0,0,0,0,0,0
-55,-96,15,6,3,11,0,0,0,0,0,0,21,20,27,-5,20,17,22,-5,31,-18,25,-6,28,17,24,-10,19,2,26,28,31,15,20,7,16,-2,23,-5,15,2,14,18,22,-9,17,5,18,4,16,-2,22,-4,21,-13,25,23,30,5,19,-1,10,9,14,-23,27,-25,24,21,19,-1,20,19,23,-23,18,28,20,-16,22,28,13,-22,23,-7,28,-29,22,28,21,8,22,8,17,-22,19,32,11,-20,17,10,14,-9,24,-12,12,-1,0,0,0,0,0,0,0,0,0,0,0,0,0,0,0,0,0,0,0,0
-54,-96,15,6,3,12,0,0,0,0,0,0,15,19,23,-9,15,11,24,-7,24,-20,17,-7,19,14,21,-11,13,1,34,30,29,15,19,8,17,-7,19,-9,14,-1,16,17,20,-13,16,3,19,2,16,-5,25,-11,16,-15,25,22,19,1,20,-3,10,7,17,-27,23,-24,24,19,24,1,22,17,19,-24,15,28,16,-24,19,22,9,-24,13,-12,28,-27,16,27,26,4,19,6,15,-21,17,25,9,-23,16,3,15,-12,19,-14,9,-1,0,0,0,0,0,0,0,0,0,0,0,0,0,0,0,0,0,0,0,0
-54,-96,15,6,3,13,0,0,0,0,0,0,14,19,25,-10,17,13,23,-12,28,-25,14,-8,24,9,25,-16,16,-2,34,15,23,12,20,2,14,-7,17,-12,18,0,11,14,24,-14,17,0,16,1,17,-5,26,-13,19,-15,25,23,25,-1,17,-6,8,7,13,-29,23,-27,19,17,27,-10,19,14,14,-25,13,23,13,-22,18,24,12,-25,24,-13,20,-31,20,22,19,2,20,4,14,-24,20,28,8,-22,13,4,11,-12,15,-17,9,-3,0,0,0,0,0,0,0,0,0,0,0,0,0,0,0,0,0,0,0,0
-56,-96,15,6,3,14,0,0,0,0,0,0,18,15,21,-16,10,13,17,-9,26,-26,19,-13,20,5,16,-19,10,-3,27,20,22,5,23,-5,14,-7,18,-19,16,-1,12,11,19,-17,17,0,11,0,11,-10,22,-17,18,-19,21,18,26,-5,17,-12,8,6,12,-30,18,-31,23,15,19,-11,19,13,14,-29,10,21,15,-26,17,22,9,-26,22,-18,18,-34,13,26,18,-6,19,0,13,-22,16,24,7,-24,12,0,8,-12,14,-20,6,-3,0,0,0,0,0,0,0,0,0,0,0,0,0,0,0,0,0,0,0,0
-52,-96,15,6,3,15,0,0,0,0,0,0,17,8,23,-17,15,9,18,-12,22,-26,16,-16,24,7,16,-23,14,-5,26,18,16,7,12,0,12,-10,15,-20,11,-4,14,8,13,-25,18,-7,9,0,14,-8,17,-21,18,-17,19,15,17,-6,18,-9,7,5,19,-29,18,-34,20,8,26,-11,16,10,16,-30,15,22,10,-26,16,18,11,-30,18,-14,22,-34,16,16,18,-10,11,0,10,-25,16,21,10,-27,11,2,11,-14,18,-22,7,-3,0,0,0,0,0,0,0,0,0,0,0,0,0,0,0,0,0,0,0,0
-52,-96,15,6,3,16,0,0,0,0,0,0,14,11,23,-16,15,9,11,-19,24,-34,16,-18,24,2,20,-22,11,-4,23,17,16,7,20,-5,12,-10,13,-20,14,-2,11,7,14,-23,15,-4,11,-3,15,-10,17,-19,18,-23,20,13,14,-9,13,-7,7,4,15,-36,15,-41,19,7,18,-15,14,9,16,-33,9,22,12,-28,20,19,7,-29,18,-19,21,-36,18,18,16,-8,13,0,15,-31,16,19,8,-26,11,0,9,-17,13,-23,8,-6,0,0,0,0,0,0,0,0,0,0,0,0,0,0,0,0,0,0,0,0
-53,-96,15,6,3,17,0,0,0,0,0,0,18,10,20,-18,12,9,16,-20,19,-34,13,-23,18,1,19,-22,13,-8,27,5,22,7,12,-3,17,-13,10,-18,14,-4,15,8,15,-18,17,-6,11,-7,15,-12,17,-21,18,-27,17,11,18,-3,12,-10,8,4,13,-35,23,-38,17,6,14,-20,15,7,10,-31,10,20,13,-27,16,20,9,-28,12,-19,20,-43,17,15,15,-8,14,-2,10,-29,12,21,11,-28,11,0,7,-17,15,-22,10,-7,0,0,0,0,0,0,0,0,0,0,0,0,0,0,0,0,0,0,0,0
-52,-96,15,6,3,18,0,0,0,0,0,0,16,6,20,-20,10,3,10,-20,20,-31,14,-17,22,0,17,-28,12,-6,24,7,22,0,17,-1,12,-14,15,-23,13,-5,13,10,15,-26,11,-6,14,-3,9,-12,15,-23,17,-24,18,13,22,-17,12,-11,5,5,10,-36,17,-38,17,5,16,-15,9,6,19,-35,10,19,11,-27,16,17,9,-30,11,-22,14,-46,19,13,21,-15,16,-2,12,-30,14,17,10,-29,11,-2,10,-20,12,-26,7,-7,0,0,0,0,0,0,0,0,0,0,0,0,0,0,0,0,0,0,0,0
-55,-96,15,6,3,19,0,0,0,0,0,0,13,6,20,-25,7,7,23,-20,18,-37,13,-23,17,1,17,-23,6,-7,20,9,22,3,14,-5,11,-12,14,-23,11,-9,10,5,14,-26,16,-9,8,-8,13,-13,15,-22,11,-24,16,8,21,-14,14,-15,5,2,15,-35,14,-35,11,8,24,-15,14,5,17,-34,11,19,9,-31,14,16,9,-30,16,-25,17,-41,16,20,19,-12,15,-4,8,-30,13,21,9,-30,12,-1,9,-17,13,-26,7,-7,0,0,0,0,0,0,0,0,0,0,0,0,0,0,0,0,0,0,0,0
-53,-96,15,6,3,20,0,0,0,0,0,0,13,9,23,-19,13,4,9,-20,18,-34,15,-21,16,0,15,-26,11,-10,19,5,14,-3,16,-8,11,-13,13,-24,7,-6,10,6,14,-23,13,-7,16,-6,13,-14,18,-30,13,-26,18,6,19,-18,15,-12,7,3,7,-39,20,-42,18,7,14,-17,12,8,15,-36,13,19,13,-28,11,14,11,-30,12,-25,20,-43,14,16,14,-12,17,-1,12,-30,13,14,8,-29,7,-1,10,-18,13,-30,6,-6,0,0,0,0,0,0,0,0,0,0,0,0,0,0,0,0,0,0,0,0
-52,-96,15,6,3,21,0,0,0,0,0,0,11,5,24,-26,8,2,18,-17,21,-35,14,-18,18,-2,15,-26,8,-7,25,15,15,0,13,-5,9,-13,11,-20,10,-7,10,7,14,-25,11,-5,13,-8,13,-16,15,-28,13,-28,11,7,19,-12,13,-15,6,1,12,-39,21,-37,20,8,15,-18,18,6,12,-33,10,18,10,-29,15,13,6,-31,12,-24,13,-48,9,16,24,-14,11,-7,11,-30,13,16,6,-29,6,-5,11,-17,9,-28,7,-7,0,0,0,0,0,0,0,0,0,0,0,0,0,0,0,0,0,0,0,0
-51,-96,15,6,3,22,0,0,0,0,0,0,14,4,11,-21,9,3,9,-19,12,-34,12,-22,18,-3,16,-27,8,-6,17,1,16,0,9,-4,8,-14,15,-20,8,-5,7,4,17,-26,18,-10,11,-6,11,-14,14,-25,11,-30,14,9,21,-17,15,-15,6,2,8,-38,17,-37,14,7,12,-19,11,6,12,-36,7,17,8,-29,13,15,8,-30,13,-22,17,-47,13,15,14,-12,13,-6,11,-32,12,16,6,-31,11,-3,7,-15,8,-25,5,-8,0,0,0,0,0,0,0,0,0,0,0,0,0,0,0,0,0,0,0,0
-52,-96,15,6,3,23,0,0,0,0,0,0,10,8,16,-23,8,3,17,-16,14,-36,12,-22,19,0,11,-23,6,-10,20,2,14,0,10,-5,9,-11,9,-23,6,-11,7,6,11,-25,14,-8,8,-5,9,-9,12,-24,15,-26,14,13,11,-13,9,-13,4,1,8,-37,15,-38,10,7,12,-13,12,2,7,-33,9,18,11,-30,13,15,9,-30,9,-24,15,-42,16,18,20,-13,12,-2,7,-32,15,16,5,-28,10,-3,9,-19,7,-24,3,-8,0,0,0,0,0,0,0,0,0,0,0,0,0,0,0,0,0,0,0,0
-53,-96,15,6,3,24,0,0,0,0,0,0,8,6,18,-25,5,4,13,-16,12,-35,5,-20,5,1,17,-22,9,-8,16,6,19,1,12,-8,4,-13,7,-21,4,-7,6,7,10,-24,10,-12,6,-7,10,-12,9,-24,11,-24,13,8,10,-15,11,-16,5,3,10,-39,11,-36,10,6,11,-17,9,4,10,-35,7,15,8,-27,10,15,7,-31,4,-22,8,-42,8,15,11,-15,10,-6,8,-30,7,18,5,-28,5,-4,4,-18,14,-24,2,-8,0,0,0,0,0,0,0,0,0,0,0,0,0,0,0,0,0,0,0,0
-56,-96,15,6,3,25,0,0,0,0,0,0,9,9,13,-22,6,4,10,-11,13,-34,9,-17,11,0,13,-26,8,-6,14,5,12,2,8,-9,5,-11,6,-20,5,-4,9,8,12,-25,7,-4,8,-4,8,-14,8,-24,10,-27,6,9,13,-12,11,-14,5,2,12,-37,6,-41,9,6,9,-23,10,4,11,-31,5,16,5,-29,3,15,4,-30,3,-19,13,-42,8,15,14,-15,8,-4,9,-30,7,19,4,-28,8,0,3,-19,10,-21,5,-10,0,0,0,0,0,0,0,0,0,0,0,0,0,0,0,0,0,0,0,0
-56,-96,15,6,3,26,0,0,0,0,0,0,3,8,8,-18,5,3,10,-19,10,-33,4,-21,4,0,10,-24,1,-7,10,7,8,3,4,-7,3,-10,9,-20,3,-4,4,10,4,-28,4,-7,6,-8,4,-13,10,-25,10,-23,5,9,8,-15,4,-13,2,4,9,-37,8,-39,9,8,9,-17,8,3,8,-34,7,17,6,-31,8,19,5,-31,8,-19,8,-43,1,15,8,-10,8,-1,4,-33,7,17,2,-27,6,-2,3,-17,4,-24,4,-5,0,0,0,0,0,0,0,0,0,0,0,0,0,0,0,0,0,0,0,0
-56,-96,15,6,3,27,0,0,0,0,0,0,1,8,3,-16,3,2,7,-16,12,-38,5,-21,7,-1,5,-22,2,-10,9,9,7,3,1,-4,3,-12,2,-14,3,-6,4,7,7,-19,2,-7,1,-2,3,-16,2,-26,2,-24,5,11,6,-14,6,-12,2,3,6,-36,2,-43,8,6,10,-19,4,4,4,-36,5,18,4,-31,8,16,2,-30,6,-19,7,-41,6,13,0,-13,6,-8,3,-32,3,19,3,-29,1,-2,3,-16,1,-21,1,-8,0,0,0,0,0,0,0,0,0,0,0,0,0,0,0,0,0,0,0,0
-57,-96,15,6,3,28,0,0,0,0,0,0,4,8,4,-20,3,8,5,-17,0,-35,2,-21,0,2,6,-23,0,-8,0,4,0,7,0,-8,2,-9,0,-21,0,-7,0,9,4,-22,1,-11,4,-5,1,-12,-3,-26,3,-21,4,14,6,-12,0,-12,1,3,1,-34,2,-37,1,8,7,-17,0,4,5,-37,1,20,0,-29,0,17,0,-30,8,-23,6,-41,6,19,5,-9,4,-4,5,-29,5,17,0,-28,0,0,2,-16,5,-22,3,-8,0,0,0,0,0,0,0,0,0,0,0,0,0,0,0,0,0,0,0,0
-52,-96,15,6,3,29,0,0,0,0,0,0,-4,8,1,-20,-2,7,1,-16,-2,-27,-3,-19,-1,0,2,-24,0,-9,-6,4,1,2,-2,-5,-2,-9,2,-20,4,-5,-1,10,2,-25,2,-8,-3,-4,1,-12,2,-24,-1,-25,1,12,0,-11,1,-13,0,3,0,-38,0,-41,2,7,4,-13,-2,7,4,-35,1,18,0,-27,0,16,0,-28,0,-18,0,-37,0,16,0,-11,0,-2,2,-30,0,18,0,-28,0,-3,2,-16,2,-26,0,-7,0,0,0,0,0,0,0,0,0,0,0,0,0,0,0,0,0,0,0,0
-51,-96,15,6,3,30,0,0,0,0,0,0,0,7,-2,-25,-2,6,0,-19,-2,-30,-3,-18,1,0,0,-22,-1,-5,0,2,-7,3,2,-3,-2,-11,4,-20,0,-8,0,6,1,-19,-4,-7,0,-5,0,-12,-2,-26,0,-27,-2,9,-1,-11,0,-14,-2,5,-3,-37,0,-38,-3,5,-4,-15,1,8,-1,-36,0,16,2,-29,-2,18,0,-30,0,-21,0,-41,0,15,-2,-13,1,-6,0,-31,-3,17,1,-28,-2,-3,-4,-18,0,-24,0,-8,0,0,0,0,0,0,0,0,0,0,0,0,0,0,0,0,0,0,0,0
-51,-96,15,6,3,31,0,0,0,0,0,0,0,11,-4,-18,-1,6,-1,-16,-1,-37,-1,-16,0,0,-4,-24,-2,-5,-4,10,-2,4,0,-5,-1,-10,2,-20,-4,-8,0,6,-3,-23,3,-5,-4,-3,-1,-13,-2,-21,-2,-25,-3,12,-3,-12,-4,-12,-2,2,-3,-35,0,-36,-3,9,-3,-17,-3,7,-1,-32,1,20,-2,-30,-1,23,0,-29,-2,-21,0,-39,0,15,-1,-13,-6,0,-1,-32,-1,19,0,-27,-3,-3,-2,-16,0,-23,0,-8,0,0,0,0,0,0,0,0,0,0,0,0,0,0,0,0,0,0,0,0
-57,-96,15,6,3,32,0,0,0,0,0,0,-6,10,0,-23,-4,5,-1,-17,-13,-35,-6,-21,-1,2,-1,-26,-1,-5,-3,5,-5,0,-1,-4,-1,-13,-5,-21,-2,-8,-4,7,-5,-20,0,-6,0,-5,-2,-11,-3,-26,0,-22,-6,6,-3,-14,-3,-12,-1,4,-5,-38,-7,-38,-2,7,-4,-13,-2,5,-7,-37,-1,19,-3,-27,-7,16,0,-29,-4,-22,0,-39,-4,17,-5,-13,-1,-2,0,-30,-3,21,-4,-27,-3,-1,-1,-16,-1,-25,-2,-7,0,0,0,0,0,0,0,0,0,0,0,0,0,0,0,0,0,0,0,0
-56,-96,15,6,3,33,0,0,0,0,0,0,-4,6,-3,-18,-4,7,-1,-20,-5,-36,-6,-19,-1,0,-8,-22,-2,-7,-5,2,-2,5,-3,-3,-3,-12,-2,-22,-1,-7,-1,7,-2,-25,-8,-6,-3,-9,-2,-12,-3,-25,0,-27,-5,10,-11,-11,-6,-16,-1,2,-2,-37,-1,-39,-8,6,-1,-15,-2,5,-5,-30,-2,18,-2,-29,-9,17,-1,-28,-7,-26,-6,-39,-5,17,-5,-12,-2,-7,-5,-32,-6,16,-2,-27,-2,-5,-3,-19,-1,-27,-1,-8,0,0,0,0,0,0,0,0,0,0,0,0,0,0,0,0,0,0,0,0
-52,-96,15,6,3,34,0,0,0,0,0,0,-3,4,-10,-24,-5,7,-5,-18,-3,-35,-3,-19,-11,-1,-8,-23,-2,-2,-8,5,-10,6,-1,-6,-3,-14,-6,-18,0,-6,-5,4,-2,-29,-6,-9,-5,-4,-4,-13,-4,-22,-6,-26,-5,6,-4,-11,-5,-16,-2,3,-5,-36,-9,-37,-2,6,-3,-17,-5,6,-7,-35,0,19,-4,-30,-4,13,-2,-29,-3,-22,1,-42,-4,16,-8,-11,-7,-6,-3,-30,-3,16,-2,-28,-7,0,-2,-20,-3,-27,-3,-7,0,0,0,0,0,0,0,0,0,0,0,0,0,0,0,0,0,0,0,0
-55,-96,15,6,3,35,0,0,0,0,0,0,-5,8,-6,-23,-5,2,-2,-17,-3,-33,-6,-22,-11,1,-8,-25,-5,-10,-10,7,-6,0,-9,-9,-6,-13,-4,-19,-5,-9,-3,6,-5,-20,-8,-11,-4,-6,-9,-13,-7,-24,-6,-24,-9,8,-7,-13,-4,-18,-2,1,-8,-36,-7,-39,-5,7,-11,-16,-6,7,-7,-34,-7,18,-9,-30,-5,14,-2,-29,-5,-21,-12,-43,-9,11,-5,-12,-6,-4,-5,-29,-3,15,-4,-29,-4,0,-2,-19,-3,-23,-3,-9,0,0,0,0,0,0,0,0,0,0,0,0,0,0,0,0,0,0,0,0
-51,-96,15,6,3,36,0,0,0,0,0,0,-4,7,-7,-27,-4,6,-11,-17,-7,-32,-7,-17,-9,1,-10,-25,-7,-5,-9,7,-13,0,-7,-6,-7,-13,-10,-21,-4,-7,-6,7,-7,-27,-6,-7,-6,-6,-5,-11,-3,-25,-7,-26,-13,9,-4,-13,-7,-12,-2,3,-10,-37,-5,-39,-6,5,-7,-19,-6,8,-5,-35,-6,16,-2,-26,-7,16,-3,-32,-9,-23,-9,-44,-9,13,-10,-16,-9,-5,-5,-31,-4,17,-3,-31,-4,0,-3,-20,-9,-25,-2,-8,0,0,0,0,0,0,0,0,0,0,0,0,0,0,0,0,0,0,0,0
-51,-96,15,6,3,37,0,0,0,0,0,0,-9,4,-10,-22,-6,2,-11,-21,-12,-33,-8,-23,-10,0,-4,-26,-6,-11,-20,6,-15,1,-11,-9,-3,-13,-11,-24,-10,-11,-4,9,-6,-26,-8,-9,-6,-6,-5,-12,-8,-21,-12,-27,-8,11,-18,-11,-7,-17,-5,1,-2,-37,-8,-44,-5,4,-12,-16,-2,5,-9,-34,-6,15,-5,-29,-8,16,-5,-30,-9,-22,-11,-46,-6,13,-11,-13,-7,-2,-1,-31,-10,18,-2,-30,-6,-2,-4,-17,-7,-27,-5,-8,0,0,0,0,0,0,0,0,0,0,0,0,0,0,0,0,0,0,0,0
-53,-96,15,6,3,38,0,0,0,0,0,0,-13,6,-19,-18,-6,6,-10,-19,-15,-34,-8,-19,-16,-2,-8,-24,-6,-10,-13,9,-13,0,-7,-7,-8,-12,-9,-23,-9,-7,-6,6,-6,-25,-5,-11,-6,-6,-10,-14,-13,-28,-9,-23,-9,11,-17,-10,-9,-10,-3,3,-8,-40,-13,-37,-15,9,-15,-19,-8,7,-9,-34,-9,13,-9,-30,-12,14,-6,-28,-7,-19,-6,-44,-8,13,-10,-15,-9,-3,-7,-28,-8,15,-6,-31,-8,-3,-5,-17,-10,-28,-6,-7,0,0,0,0,0,0,0,0,0,0,0,0,0,0,0,0,0,0,0,0
-51,-96,15,6,3,39,0,0,0,0,0,0,-12,8,-17,-26,-6,3,-14,-17,-21,-34,-5,-20,-20,0,-13,-25,-7,-9,-23,3,-15,0,-8,-4,-13,-15,-12,-25,-9,-8,-9,7,-8,-22,-11,-10,-10,-10,-9,-13,-15,-25,-9,-28,-12,9,-6,-16,-10,-14,-4,2,-7,-40,-15,-41,-17,6,-15,-15,-12,5,-10,-38,-9,17,-10,-29,-10,12,-4,-31,-12,-23,-13,-46,-13,13,-5,-14,-7,-5,-8,-31,-9,17,-5,-29,-11,-1,-9,-16,-15,-24,-3,-7,0,0,0,0,0,0,0,0,0,0,0,0,0,0,0,0,0,0,0,0
-54,-96,15,6,3,40,0,0,0,0,0,0,-8,7,-16,-23,-9,6,-17,-17,-14,-40,-9,-22,-16,0,-11,-27,-10,-5,-21,6,-18,2,-11,-5,-8,-11,-9,-23,-10,-9,-8,8,-11,-23,-13,-6,-15,-6,-12,-11,-18,-25,-15,-28,-14,7,-13,-15,-12,-10,-6,3,-11,-37,-16,-37,-21,6,-15,-17,-12,3,-11,-32,-9,19,-10,-29,-16,14,-8,-30,-15,-21,-16,-44,-12,12,-19,-16,-15,-6,-8,-34,-12,17,-7,-29,-8,-3,-9,-17,-16,-27,-9,-7,0,0,0,0,0,0,0,0,0,0,0,0,0,0,0,0,0,0,0,0
-52,-96,15,6,3,41,0,0,0,0,0,0,-9,6,-17,-22,-14,6,-17,-19,-20,-32,-10,-18,-18,1,-21,-21,-12,-7,-21,5,-14,4,-14,-3,-12,-11,-12,-21,-14,-6,-11,9,-15,-28,-14,-7,-15,-7,-13,-15,-20,-24,-14,-27,-22,10,-16,-15,-14,-14,-6,2,-14,-37,-18,-40,-19,4,-21,-12,-12,3,-16,-30,-13,17,-10,-29,-15,18,-8,-30,-16,-19,-23,-38,-16,18,-18,-13,-15,-3,-12,-28,-18,17,-8,-28,-11,0,-10,-19,-13,-27,-5,-6,0,0,0,0,0,0,0,0,0,0,0,0,0,0,0,0,0,0,0,0
-54,-96,15,6,3,42,0,0,0,0,0,0,-18,5,-24,-20,-14,8,-16,-14,-26,-32,-16,-16,-24,-2,-19,-18,-14,-7,-34,12,-19,0,-16,-5,-13,-13,-13,-23,-15,-2,-13,7,-16,-25,-19,-3,-14,-3,-16,-15,-21,-25,-21,-25,-26,13,-19,-11,-17,-14,-7,3,-13,-36,-21,-37,-25,4,-25,-11,-20,9,-20,-32,-15,18,-14,-29,-15,18,-9,-28,-19,-21,-25,-41,-16,17,-19,-10,-14,-2,-13,-30,-15,20,-11,-29,-11,1,-11,-16,-14,-24,-8,-8,0,0,0,0,0,0,0,0,0,0,0,0,0,0,0,0,0,0,0,0
-53,-96,15,6,3,43,0,0,0,0,0,0,-20,10,-26,-20,-17,7,-21,-13,-24,-30,-20,-20,-23,4,-26,-16,-15,-3,-22,8,-24,6,-21,-2,-16,-12,-19,-16,-17,-4,-13,7,-24,-21,-22,-6,-19,-3,-21,-10,-26,-23,-23,-23,-19,16,-27,-11,-18,-6,-9,4,-18,-35,-23,-34,-23,8,-23,-15,-17,8,-19,-37,-13,19,-17,-26,-19,19,-13,-27,-26,-18,-29,-39,-19,18,-28,-6,-18,-5,-14,-26,-19,19,-11,-27,-16,1,-17,-13,-21,-24,-9,-5,0,0,0,0,0,0,0,0,0,0,0,0,0,0,0,0,0,0,0,0
-51,-96,15,6,3,44,0,0,0,0,0,0,-25,13,-30,-17,-14,11,-25,-11,-28,-28,-27,-17,-27,7,-25,-18,-18,-4,-38,11,-31,5,-25,-2,-19,-10,-25,-19,-17,-2,-18,11,-25,-17,-23,-3,-19,-2,-14,-11,-26,-20,-26,-19,-27,12,-29,-4,-20,-13,-10,3,-23,-34,-29,-34,-28,15,-33,-10,-22,9,-20,-30,-17,22,-17,-26,-20,18,-12,-27,-22,-16,-26,-35,-22,21,-29,-4,-23,1,-19,-26,-24,21,-15,-26,-13,1,-17,-15,-23,-19,-8,-6,0,0,0,0,0,0,0,0,0,0,0,0,0,0,0,0,0,0,0,0
-56,-96,15,6,3,45,0,0,0,0,0,0,-21,12,-36,-16,-20,12,-29,-12,-34,-28,-20,-14,-27,8,-30,-18,-23,-3,-41,16,-35,9,-26,0,-23,-8,-28,-13,-21,0,-18,13,-29,-19,-25,-2,-22,0,-19,-7,-28,-16,-29,-25,-32,19,-32,-6,-24,-8,-10,6,-23,-31,-30,-31,-36,14,-36,-10,-26,12,-23,-32,-17,24,-24,-25,-26,22,-13,-27,-23,-16,-30,-34,-27,20,-34,-4,-25,2,-21,-24,-27,22,-16,-25,-19,1,-18,-13,-23,-17,-13,-5,0,0,0,0,0,0,0,0,0,0,0,0,0,0,0,0,0,0,0,0
-54,-96,15,6,3,46,0,0,0,0,0,0,-27,20,-37,-10,-21,13,-28,-9,-33,-18,-27,-11,-34,12,-30,-15,-23,0,-44,19,-40,13,-29,2,-20,-5,-28,-16,-25,-2,-23,13,-30,-15,-24,5,-23,0,-23,-6,-36,-11,-30,-10,-38,21,-32,0,-28,-6,-11,7,-31,-29,-40,-27,-26,20,-37,-12,-27,14,-27,-26,-25,22,-26,-21,-24,23,-14,-25,-32,-11,-31,-30,-27,23,-36,1,-26,5,-23,-24,-26,23,-17,-24,-20,6,-18,-11,-32,-15,-15,-1,0,0,0,0,0,0,0,0,0,0,0,0,0,0,0,0,0,0,0,0
-54,-96,15,6,3,47,0,0,0,0,0,0,-28,20,-39,-11,-24,13,-35,-3,-41,-20,-24,-6,-35,16,-37,-10,-25,2,-47,24,-46,14,-30,3,-24,-5,-33,-6,-27,3,-24,15,-32,-10,-28,2,-23,5,-25,-4,-38,-8,-32,-14,-35,21,-32,-2,-32,-2,-14,9,-24,-29,-34,-24,-36,21,-38,-1,-29,18,-27,-23,-22,25,-24,-21,-29,29,-17,-23,-28,-11,-31,-31,-28,27,-37,0,-30,10,-24,-23,-32,27,-16,-20,-21,4,-19,-11,-30,-16,-16,-1,0,0,0,0,0,0,0,0,0,0,0,0,0,0,0,0,0,0,0,0
-55,-96,15,6,3,48,0,0,0,0,0,0,-35,23,-44,-3,-23,15,-36,-2,-43,-14,-30,-5,-43,20,-38,-5,-22,2,-46,28,-40,20,-32,8,-27,0,-34,-5,-25,5,-25,18,-31,-9,-33,7,-27,5,-27,0,-39,-6,-28,-9,-35,29,-37,3,-32,0,-14,10,-27,-24,-38,-17,-38,26,-35,1,-27,18,-30,-20,-24,29,-28,-15,-33,31,-17,-23,-33,-9,-36,-25,-31,32,-42,2,-34,10,-24,-20,-30,31,-18,-19,-24,9,-20,-8,-31,-11,-16,1,0,0,0,0,0,0,0,0,0,0,0,0,0,0,0,0,0,0,0,0
-54,-96,15,6,3,49,0,0,0,0,0,0,-31,23,-45,-4,-23,18,-28,0,-47,-12,-30,-5,-33,17,-33,-10,-29,5,-55,30,-43,19,-32,10,-25,0,-36,-3,-24,9,-26,21,-32,-7,-31,9,-28,9,-26,0,-33,-6,-32,-6,-39,30,-39,12,-29,3,-16,12,-24,-23,-45,-20,-39,27,-43,1,-31,25,-31,-19,-26,32,-25,-14,-28,32,-16,-20,-36,-6,-39,-20,-33,31,-41,5,-29,14,-24,-16,-31,31,-20,-19,-23,8,-22,-7,-30,-13,-16,0,0,0,0,0,0,0,0,0,0,0,0,0,0,0,0,0,0,0,0,0
-51,-96,15,6,3,50,0,0,0,0,0,0,-31,26,-42,7,-25,21,-36,7,-41,-10,-30,0,-36,26,-34,1,-23,5,-49,37,-45,29,-32,16,-20,2,-34,-3,-26,9,-28,22,-30,-4,-27,11,-27,10,-26,0,-35,1,-37,-4,-42,28,-41,8,-25,3,-13,12,-27,-22,-36,-16,-39,31,-42,6,-31,24,-32,-13,-24,33,-27,-13,-36,33,-18,-18,-36,1,-42,-11,-34,36,-44,20,-30,12,-24,-15,-30,35,-19,-16,-19,13,-19,-4,-28,-7,-19,2,0,0,0,0,0,0,0,0,0,0,0,0,0,0,0,0,0,0,0,0
-54,-96,15,6,3,51,0,0,0,0,0,0,-32,29,-40,6,-22,22,-31,2,-38,-2,-27,0,-35,26,-36,1,-26,10,-45,42,-32,29,-34,17,-26,5,-28,3,-26,11,-21,27,-30,0,-28,14,-25,13,-29,7,-37,7,-28,-1,-36,39,-33,14,-26,5,-10,14,-27,-18,-36,-10,-37,33,-35,8,-34,26,-30,-8,-22,35,-24,-11,-32,40,-17,-17,-34,0,-40,-15,-30,38,-32,15,-28,18,-23,-12,-29,41,-18,-16,-21,17,-17,-2,-28,-3,-14,4,0,0,0,0,0,0,0,0,0,0,0,0,0,0,0,0,0,0,0,0
-54,-96,15,6,3,52,0,0,0,0,0,0,-25,33,-29,10,-25,29,-35,7,-30,-2,-27,4,-34,29,-31,7,-21,14,-41,48,-40,33,-24,16,-21,6,-25,2,-25,12,-24,24,-31,3,-25,16,-24,13,-21,9,-29,7,-29,4,-36,43,-37,19,-25,6,-13,14,-22,-15,-34,-9,-34,38,-36,17,-25,30,-27,-8,-21,36,-19,-7,-28,44,-18,-17,-27,4,-33,-8,-26,46,-33,22,-27,19,-19,-12,-27,40,-17,-11,-20,17,-19,0,-26,-3,-12,7,0,0,0,0,0,0,0,0,0,0,0,0,0,0,0,0,0,0,0,0
-52,-96,15,6,3,53,0,0,0,0,0,0,-25,35,-34,12,-17,28,-29,10,-37,4,-22,3,-26,35,-28,9,-20,13,-36,44,-28,38,-20,22,-19,9,-24,7,-15,16,-18,29,-26,8,-22,20,-18,16,-18,11,-28,8,-27,3,-26,44,-24,23,-16,15,-11,16,-20,-14,-29,-7,-27,39,-32,19,-21,35,-23,-4,-19,41,-13,-6,-27,45,-14,-15,-26,9,-27,-9,-26,44,-26,25,-21,22,-16,-7,-24,45,-16,-12,-18,18,-22,0,-24,0,-14,7,0,0,0,0,0,0,0,0,0,0,0,0,0,0,0,0,0,0,0,0
-51,-96,15,6,3,54,0,0,0,0,0,0,-19,38,-23,13,-12,29,-22,9,-22,7,-21,8,-27,41,-20,12,-14,16,-29,56,-28,43,-22,29,-16,8,-19,10,-19,16,-13,31,-21,5,-18,21,-16,19,-15,13,-18,10,-24,1,-22,50,-19,28,-18,14,-7,17,-11,-13,-23,2,-23,42,-18,20,-19,36,-16,-7,-12,40,-15,-6,-21,49,-13,-13,-22,11,-27,-8,-18,49,-26,30,-20,26,-15,-5,-18,47,-11,-12,-13,21,-14,3,-14,6,-11,7,0,0,0,0,0,0,0,0,0,0,0,0,0,0,0,0,0,0,0,0
-51,-96,15,6,3,55,0,0,0,0,0,0,-14,39,-16,18,-11,32,-15,16,-12,7,-12,12,-18,40,-17,11,-9,16,-22,60,-16,45,-10,30,-10,11,-12,10,-12,19,-8,32,-15,8,-11,27,-11,20,-11,14,-13,13,-17,4,-15,52,-16,22,-17,19,-8,18,-12,-7,-19,0,-15,48,-13,18,-6,39,-16,-2,-14,46,-13,-3,-16,46,-8,-12,-14,8,-25,-2,-17,45,-22,28,-12,25,-8,-5,-13,50,-7,-12,-11,23,-11,4,-14,7,-6,10,0,0,0,0,0,0,0,0,0,0,0,0,0,0,0,0,0,0,0,0
-53,-96,15,6,3,56,0,0,0,0,0,0,-6,38,-12,26,-8,35,-8,19,-7,12,-10,8,-6,41,-12,15,-6,18,-9,61,-14,46,-10,28,-2,13,-10,16,-9,17,-5,33,-12,12,-6,26,-7,20,-8,12,-5,15,-9,9,-9,49,-15,25,-6,17,-2,20,-12,-8,-11,0,-12,48,-6,24,-9,37,-7,0,-6,46,-8,0,-7,52,-5,-9,-12,11,-8,0,-9,53,-16,32,-9,26,-4,-3,-10,51,-5,-8,-7,23,-5,4,-8,5,-6,10,0,0,0,0,0,0,0,0,0,0,0,0,0,0,0,0,0,0,0,0
-54,-96,15,6,3,57,0,0,0,0,0,0,-2,44,-6,25,0,33,-7,18,-1,9,-4,13,-1,43,-5,16,-2,20,-4,58,-2,40,-2,32,-3,13,-6,12,-1,20,-1,36,-2,14,-5,29,-2,24,-3,15,3,18,-2,11,-7,51,-3,29,-2,18,0,18,-2,-4,-4,3,-3,51,-2,28,-2,40,-2,-2,-4,44,0,-2,-3,49,-1,-8,1,10,-2,1,-1,47,-3,30,1,28,0,-4,-2,47,-2,-7,0,21,-1,4,-1,10,0,10,0,0,0,0,0,0,0,0,0,0,0,0,0,0,0,0,0,0,0,0
-55,-96,15,6,3,58,0,0,0,0,0,0,4,45,3,31,0,33,-1,20,11,12,3,11,4,47,4,19,4,22,4,57,5,50,1,30,2,14,5,16,6,20,0,34,5,8,5,28,4,26,4,15,4,18,1,12,6,57,6,32,0,23,1,20,0,-5,4,2,1,50,5,28,0,41,6,2,2,44,2,0,0,52,2,-10,5,14,2,-1,3,52,1,28,2,30,3,-3,2,50,0,-9,1,24,2,6,6,8,4,12,0,0,0,0,0,0,0,0,0,0,0,0,0,0,0,0,0,0,0,0
-55,-96,15,6,3,59,0,0,0,0,0,0,8,41,12,19,4,35,13,20,8,12,8,17,13,44,9,19,4,20,13,60,8,46,5,30,9,15,12,11,8,22,7,36,8,15,7,26,6,23,3,15,9,19,5,14,4,50,9,33,9,15,3,22,5,-7,10,3,9,47,5,30,7,41,10,-1,7,47,6,0,7,56,7,-10,11,12,8,1,6,49,12,34,12,30,4,-3,8,46,6,-8,5,24,3,6,8,10,5,9,0,0,0,0,0,0,0,0,0,0,0,0,0,0,0,0,0,0,0,0
-54,-96,15,6,3,60,0,0,0,0,0,0,10,45,18,28,10,33,14,21,19,10,14,12,17,45,14,16,14,20,16,62,18,42,13,29,7,16,13,14,8,20,12,35,14,13,8,27,12,25,11,16,11,19,12,12,14,55,16,30,12,18,5,20,18,-8,14,7,12,50,13,25,9,39,16,0,10,49,9,-3,14,52,7,-9,17,15,13,-2,9,52,11,35,18,27,11,-1,14,52,7,-6,9,24,8,6,12,8,6,11,0,0,0,0,0,0,0,0,0,0,0,0,0,0,0,0,0,0,0,0
-54,-96,15,6,3,61,0,0,0,0,0,0,18,42,25,23,17,38,13,21,20,11,18,14,21,42,17,17,12,19,30,59,24,48,19,26,11,12,18,11,16,20,13,34,17,10,17,28,13,23,9,17,21,19,21,16,23,53,21,31,14,14,6,19,14,-8,20,0,19,47,22,27,15,42,17,-2,17,43,17,-3,18,55,10,-10,18,12,21,0,20,47,18,34,15,29,12,-3,17,49,8,-8,10,22,11,3,15,7,6,9,0,0,0,0,0,0,0,0,0,0,0,0,0,0,0,0,0,0,0,0
-51,-96,15,6,3,62,0,0,0,0,0,0,15,36,24,22,16,32,24,16,29,9,16,12,20,40,23,12,17,22,31,57,21,43,22,24,14,13,21,9,18,18,12,31,19,12,18,23,16,19,16,13,21,13,18,8,21,53,20,32,17,18,7,20,14,-9,22,4,24,48,24,22,19,40,14,0,15,45,19,0,17,52,12,-12,22,14,21,0,21,49,21,32,17,26,16,-2,14,46,10,-8,10,23,14,4,18,4,9,9,0,0,0,0,0,0,0,0,0,0,0,0,0,0,0,0,0,0,0,0
-54,-96,15,6,3,63,0,0,0,0,0,0,19,37,27,22,14,31,28,18,31,9,20,8,26,43,26,7,19,19,31,53,29,45,21,23,17,9,23,11,14,18,15,33,24,6,18,22,16,21,15,12,25,10,22,10,27,47,29,26,19,14,11,19,21,-10,32,-5,30,48,31,21,22,36,22,-3,19,42,14,-4,21,48,11,-13,26,9,26,-2,23,48,33,30,19,24,16,-7,22,48,12,-10,16,22,13,1,21,5,11,9,0,0,0,0,0,0,0,0,0,0,0,0,0,0,0,0,0,0,0,0
-53,-96,15,6,3,64,0,0,0,0,0,0,21,35,28,12,19,31,25,15,26,4,20,9,25,33,24,1,16,15,36,48,37,43,22,24,21,9,24,8,21,13,18,31,27,7,24,25,21,17,19,10,25,9,24,5,33,43,32,26,20,10,10,17,21,-11,24,-2,26,41,25,18,24,31,23,-7,19,42,21,-3,25,46,14,-14,20,10,22,-7,29,44,29,23,22,22,18,-9,22,47,14,-9,17,19,16,2,17,3,11,9,0,0,0,0,0,0,0,0,0,0,0,0,0,0,0,0,0,0,0,0
-54,-96,15,6,3,65,0,0,0,0,0,0,26,36,30,11,18,29,21,13,32,1,24,6,28,32,27,6,18,10,37,49,28,36,28,22,17,6,21,5,16,14,17,29,26,3,20,19,18,16,15,11,25,8,26,0,32,40,30,18,22,10,9,16,21,-12,30,-9,23,36,32,15,23,33,19,-6,20,37,20,-5,22,43,14,-15,27,2,32,-11,23,39,30,24,24,20,15,-9,23,45,16,-12,15,17,14,0,25,-1,9,6,0,0,0,0,0,0,0,0,0,0,0,0,0,0,0,0,0,0,0,0
-51,-96,15,6,3,66,0,0,0,0,0,0,27,30,27,11,17,25,27,8,31,-1,25,2,29,30,29,4,21,10,32,47,28,22,23,18,14,6,35,2,18,14,17,27,29,1,21,12,21,13,20,2,23,0,27,2,27,43,26,17,21,12,10,16,19,-19,25,-6,27,38,29,8,23,30,23,-8,19,40,18,-8,22,38,14,-17,25,4,27,-14,19,39,27,17,18,15,18,-15,24,41,13,-13,19,16,15,-2,25,-4,10,2,0,0,0,0,0,0,0,0,0,0,0,0,0,0,0,0,0,0,0,0
-52,-96,15,6,3,67,0,0,0,0,0,0,25,27,28,4,21,23,24,5,33,-8,21,-1,28,22,27,-1,17,8,35,37,30,27,23,15,21,2,24,2,16,11,18,25,20,-5,20,14,21,11,16,2,23,2,25,-4,25,33,34,13,20,4,9,15,20,-20,24,-13,33,29,26,9,19,28,25,-13,18,34,19,-14,25,39,13,-16,25,0,20,-12,23,39,32,18,26,18,16,-16,18,37,11,-15,17,17,18,-3,21,-4,12,4,0,0,0,0,0,0,0,0,0,0,0,0,0,0,0,0,0,0,0,0
-52,-96,15,6,3,68,0,0,0,0,0,0,17,23,29,-2,18,20,25,-1,26,-13,20,-3,25,24,22,-2,15,6,30,32,34,26,21,12,17,0,24,-3,14,9,16,21,23,-2,19,10,17,7,19,4,26,-6,22,-7,21,29,26,12,21,3,10,12,15,-22,27,-14,24,28,27,7,21,25,19,-16,16,33,16,-15,21,32,10,-20,26,-4,26,-17,18,33,28,15,22,12,17,-16,21,38,13,-17,16,11,15,-7,22,-10,10,0,0,0,0,0,0,0,0,0,0,0,0,0,0,0,0,0,0,0,0,0
-55,-96,15,6,3,69,0,0,0,0,0,0,23,21,31,0,15,19,26,-1,27,-14,19,-5,25,21,23,-1,16,0,38,29,27,22,18,9,15,0,22,-7,15,7,17,20,22,-4,19,7,17,6,15,0,23,-2,24,-10,21,25,24,9,21,4,9,9,14,-26,26,-16,18,22,25,1,18,21,21,-16,19,32,17,-15,22,32,11,-21,20,-3,26,-24,17,29,21,2,22,8,12,-21,17,32,12,-18,13,14,16,-7,16,-10,8,0,0,0,0,0,0,0,0,0,0,0,0,0,0,0,0,0,0,0,0,0
-56,-96,15,6,3,70,0,0,0,0,0,0,18,21,22,-2,15,16,22,-4,21,-17,17,-3,20,16,22,-10,14,4,26,25,24,16,20,5,11,-4,21,-5,16,2,16,17,22,-10,22,2,17,4,14,-2,23,-8,19,-14,24,31,19,4,20,-1,8,10,11,-26,20,-25,27,24,28,-5,18,18,20,-22,13,28,15,-18,18,30,11,-24,21,-9,21,-30,20,25,24,1,16,5,15,-22,17,28,9,-21,13,8,14,-7,18,-11,11,0,0,0,0,0,0,0,0,0,0,0,0,0,0,0,0,0,0,0,0,0
-52,-96,15,6,3,71,0,0,0,0,0,0,17,18,19,-6,19,13,21,-7,22,-20,13,-9,16,13,21,-11,14,-1,22,20,17,15,22,5,11,-4,17,-9,14,3,16,15,20,-15,16,1,15,5,15,-2,18,-12,19,-16,21,18,19,-1,14,-3,10,8,15,-27,24,-27,20,17,13,-1,14,16,16,-28,14,26,15,-19,18,28,10,-24,14,-10,19,-36,15,27,22,0,17,4,13,-24,18,25,9,-22,13,4,13,-12,18,-16,12,-2,0,0,0,0,0,0,0,0,0,0,0,0,0,0,0,0,0,0,0,0
-57,-96,15,6,3,72,0,0,0,0,0,0,18,16,25,-15,14,13,18,-10,25,-24,16,-14,21,7,19,-17,12,-2,26,20,27,12,15,1,10,-7,19,-13,11,-1,9,12,15,-18,17,-2,15,0,12,-8,16,-12,20,-16,21,21,19,-2,15,-10,7,6,16,-29,21,-30,15,14,20,-7,15,11,17,-27,12,24,15,-23,21,21,9,-26,12,-16,19,-35,19,22,25,0,16,3,9,-25,16,25,8,-24,13,4,11,-10,19,-21,8,-4,0,0,0,0,0,0,0,0,0,0,0,0,0,0,0,0,0,0,0,0
-57,-96,15,6,3,73,0,0,0,0,0,0,14,12,17,-12,11,8,21,-17,22,-29,17,-16,20,2,10,-17,14,-2,19,14,22,9,13,-1,11,-8,15,-21,11,-4,12,13,18,-13,16,0,9,0,15,-9,17,-18,15,-18,22,14,16,0,11,-9,6,5,15,-32,18,-29,20,14,24,-9,14,15,19,-32,12,20,13,-24,16,22,10,-28,18,-15,20,-35,16,21,18,-7,14,0,9,-26,19,22,9,-26,14,0,11,-12,17,-20,10,-3,0,0,0,0,0,0,0,0,0,0,0,0,0,0,0,0,0,0,0,0
-57,-96,15,6,3,74,0,0,0,0,0,0,12,12,17,-18,13,8,18,-17,23,-28,16,-18,15,3,11,-22,11,-6,22,12,20,8,13,2,12,-7,16,-17,10,-3,11,10,11,-19,19,-6,11,0,12,-10,18,-22,13,-24,16,19,24,-8,16,-13,7,3,11,-32,18,-36,18,12,17,-16,16,10,15,-33,9,21,15,-24,10,23,8,-27,16,-18,16,-35,12,18,15,-4,13,0,14,-29,12,20,6,-27,8,-1,11,-16,13,-24,8,-4,0,0,0,0,0,0,0,0,0,0,0,0,0,0,0,0,0,0,0,0
-55,-96,15,6,3,75,0,0,0,0,0,0,16,8,18,-16,10,7,15,-16,17,-32,11,-16,14,0,18,-22,12,-7,25,6,12,3,19,-3,10,-8,15,-18,12,-4,11,11,15,-24,19,-6,10,-2,12,-10,11,-18,17,-22,21,9,19,-12,14,-11,8,5,11,-37,9,-36,15,8,22,-15,12,10,9,-32,9,21,9,-27,14,22,9,-31,15,-23,20,-34,14,16,19,-12,11,-1,9,-29,11,17,7,-28,12,0,7,-18,13,-27,7,-7,0,0,0,0,0,0,0,0,0,0,0,0,0,0,0,0,0,0,0,0
-53,-96,15,6,3,76,0,0,0,0,0,0,6,10,20,-19,12,7,18,-18,17,-34,14,-18,14,0,18,-28,11,-9,23,10,22,4,14,-3,9,-12,11,-18,10,-5,9,6,11,-23,15,-7,12,-2,13,-12,17,-17,17,-27,19,9,14,-9,15,-14,4,4,11,-37,18,-33,15,7,21,-17,14,6,16,-33,11,17,13,-29,13,18,6,-29,16,-21,10,-41,14,13,17,-8,11,-4,7,-29,13,17,8,-28,6,-1,10,-17,10,-25,5,-8,0,0,0,0,0,0,0,0,0,0,0,0,0,0,0,0,0,0,0,0
-56,-96,15,6,3,77,0,0,0,0,0,0,16,8,24,-20,12,4,13,-17,22,-36,12,-22,18,-3,17,-23,12,-6,14,2,12,1,15,-8,9,-15,12,-23,8,-5,8,3,13,-25,13,-7,11,-5,11,-14,15,-24,10,-27,11,11,16,-13,15,-14,7,2,10,-35,16,-41,16,8,19,-20,11,5,8,-35,12,18,7,-30,14,15,5,-30,17,-21,13,-41,16,13,13,-12,13,1,11,-31,14,17,9,-27,11,-4,7,-17,15,-29,5,-7,0,0,0,0,0,0,0,0,0,0,0,0,0,0,0,0,0,0,0,0
-53,-96,15,6,3,78,0,0,0,0,0,0,13,6,15,-25,12,8,14,-17,19,-36,17,-19,12,-4,20,-24,13,-7,20,7,15,1,9,-7,11,-13,12,-22,9,-8,9,5,6,-25,12,-9,11,-6,9,-13,13,-24,16,-23,21,9,15,-13,13,-13,5,1,12,-38,15,-37,23,7,17,-17,11,5,12,-35,9,17,9,-29,15,16,10,-29,15,-22,13,-36,19,15,19,-5,11,-8,11,-32,16,13,6,-28,12,-1,8,-18,13,-23,7,-8,0,0,0,0,0,0,0,0,0,0,0,0,0,0,0,0,0,0,0,0
-53,-96,15,6,3,79,0,0,0,0,0,0,16,7,22,-21,10,6,15,-18,13,-36,13,-19,14,2,12,-26,8,-9,13,6,20,-1,12,-8,10,-13,12,-26,14,-8,13,4,8,-26,13,-7,11,-7,13,-13,12,-26,14,-30,15,11,18,-15,10,-12,7,2,10,-38,8,-41,14,5,13,-20,12,4,12,-32,10,17,8,-28,17,16,4,-29,13,-22,12,-44,11,14,19,-12,16,-6,10,-33,10,19,4,-29,7,0,9,-16,13,-24,7,-8,0,0,0,0,0,0,0,0,0,0,0,0,0,0,0,0,0,0,0,0
-52,-96,15,6,3,80,0,0,0,0,0,0,9,3,17,-23,10,4,11,-17,9,-37,14,-22,18,5,11,-24,9,-10,15,3,22,0,11,-8,8,-14,12,-21,9,-7,9,6,13,-25,16,-2,6,-6,9,-16,11,-27,16,-27,15,6,13,-13,8,-14,7,3,16,-37,16,-37,14,2,20,-20,10,5,10,-36,9,16,10,-31,9,14,6,-32,14,-23,10,-39,14,15,19,-13,10,-6,8,-31,12,15,6,-30,9,-1,6,-19,6,-27,4,-8,0,0,0,0,0,0,0,0,0,0,0,0,0,0,0,0,0,0,0,0
-53,-96,15,6,3,81,0,0,0,0,0,0,8,4,18,-26,4,0,11,-20,10,-32,10,-23,16,-1,11,-27,7,-9,18,2,15,-1,7,-7,9,-15,11,-22,10,-9,8,8,6,-23,12,-8,9,-6,6,-13,10,-24,12,-25,7,7,11,-9,10,-15,4,3,11,-38,10,-36,13,3,18,-16,12,6,15,-35,5,16,11,-31,9,17,9,-31,10,-21,13,-42,10,14,15,-11,11,-7,3,-30,10,16,5,-29,8,-1,11,-19,15,-27,7,-9,0,0,0,0,0,0,0,0,0,0,0,0,0,0,0,0,0,0,0,0
-51,-96,15,6,3,82,0,0,0,0,0,0,11,7,9,-22,8,5,10,-20,12,-38,4,-18,10,-2,15,-25,10,-7,9,5,14,1,11,-4,8,-12,10,-27,7,-10,7,5,10,-25,13,-7,6,-6,10,-14,9,-23,11,-25,8,10,7,-13,9,-16,2,1,7,-39,14,-35,14,6,11,-17,8,9,8,-38,8,17,10,-29,9,19,0,-30,9,-22,11,-47,11,13,9,-14,6,-6,8,-30,14,16,3,-29,7,-1,8,-17,11,-24,5,-7,0,0,0,0,0,0,0,0,0,0,0,0,0,0,0,0,0,0,0,0
-55,-96,15,6,3,83,0,0,0,0,0,0,10,10,11,-21,10,6,14,-18,12,-37,8,-21,14,0,8,-26,6,-10,15,4,8,3,10,-3,9,-13,13,-23,9,-6,6,9,11,-26,9,-6,7,-7,7,-15,15,-19,12,-25,10,5,10,-15,4,-16,3,3,8,-37,11,-40,9,5,12,-18,9,5,7,-36,4,15,7,-28,12,15,3,-29,10,-24,9,-46,13,16,4,-15,5,-5,6,-32,9,12,5,-28,6,0,4,-17,6,-30,4,-8,0,0,0,0,0,0,0,0,0,0,0,0,0,0,0,0,0,0,0,0
-51,-96,15,6,3,84,0,0,0,0,0,0,8,8,7,-17,5,6,10,-19,7,-35,5,-19,9,-2,8,-25,5,-7,5,6,8,6,5,-9,6,-11,6,-21,7,-4,6,7,8,-23,4,-6,6,-9,7,-12,5,-24,7,-26,11,14,15,-10,6,-12,3,2,7,-33,10,-40,12,8,6,-14,7,7,6,-32,5,19,6,-28,10,17,3,-30,5,-23,9,-41,9,15,4,-13,8,-4,8,-32,8,19,6,-27,4,0,3,-18,7,-25,4,-9,0,0,0,0,0,0,0,0,0,0,0,0,0,0,0,0,0,0,0,0
-54,-96,15,6,3,85,0,0,0,0,0,0,11,9,11,-21,3,5,5,-22,4,-34,6,-23,1,3,6,-24,3,-8,4,8,8,-3,2,-6,5,-13,2,-17,0,-5,6,5,5,-24,8,-6,5,-5,3,-12,8,-21,7,-27,7,8,5,-15,3,-14,3,1,1,-36,7,-38,9,6,4,-16,5,3,7,-36,2,18,3,-27,5,15,3,-31,4,-27,3,-44,7,16,3,-10,5,-3,3,-29,3,18,3,-29,2,0,2,-18,5,-22,0,-6,0,0,0,0,0,0,0,0,0,0,0,0,0,0,0,0,0,0,0,0
-52,-96,15,6,3,86,0,0,0,0,0,0,4,11,5,-27,4,5,6,-16,9,-31,-1,-20,3,3,3,-21,2,-7,5,6,1,0,5,-3,3,-15,7,-20,2,-7,2,7,4,-21,0,-6,6,-5,5,-13,0,-23,0,-27,1,6,0,-12,3,-12,0,2,6,-38,7,-38,6,8,-1,-16,1,7,-1,-33,1,20,1,-29,7,17,1,-28,4,-18,6,-37,4,13,4,-12,4,-3,2,-32,7,18,0,-30,2,-2,0,-17,7,-26,1,-8,0,0,0,0,0,0,0,0,0,0,0,0,0,0,0,0,0,0,0,0
-55,-96,15,6,3,87,0,0,0,0,0,0,5,9,-3,-20,3,5,1,-19,3,-35,4,-19,-3,4,-2,-22,3,-6,3,8,0,7,2,-5,0,-11,0,-22,0,-7,0,7,2,-21,0,-7,4,-4,5,-15,0,-22,4,-22,0,13,4,-10,4,-12,0,2,4,-36,0,-36,2,8,8,-14,-1,5,1,-33,2,15,0,-29,-2,18,3,-29,3,-22,1,-42,-1,15,-2,-13,3,-2,0,-29,2,22,-1,-29,5,-4,2,-17,0,-23,1,-8,0,0,0,0,0,0,0,0,0,0,0,0,0,0,0,0,0,0,0,0
-56,-96,15,6,3,88,0,0,0,0,0,0,2,9,0,-20,0,4,-1,-20,0,-29,-2,-19,-3,1,-7,-26,3,-8,0,3,3,4,-1,-6,-2,-12,-4,-23,0,-7,-2,9,4,-20,0,-6,-3,-6,0,-11,2,-22,3,-30,2,7,-3,-14,0,-14,0,2,1,-37,-1,-36,-1,11,1,-15,0,8,0,-31,2,16,-3,-29,2,18,0,-30,3,-23,-3,-41,2,17,-5,-9,0,-6,-3,-30,3,18,-1,-28,3,-2,1,-19,-4,-25,0,-7,0,0,0,0,0,0,0,0,0,0,0,0,0,0,0,0,0,0,0,0
-53,-96,15,6,3,89,0,0,0,0,0,0,-7,11,-4,-22,0,7,-2,-15,-2,-34,-5,-15,-4,3,1,-22,-4,-7,-2,7,0,0,0,-6,0,-11,-1,-20,0,-8,-1,7,-2,-21,-1,-4,0,-6,0,-14,-2,-22,-1,-23,0,14,-3,-7,-7,-15,-2,4,2,-31,-1,-40,-2,13,0,-18,0,6,-1,-31,1,16,-2,-29,-2,19,-2,-29,2,-22,4,-42,-1,15,0,-10,0,-2,-2,-28,1,19,-1,-28,-1,-3,-2,-16,-2,-25,0,-8,0,0,0,0,0,0,0,0,0,0,0,0,0,0,0,0,0,0,0,0
-53,-96,15,6,3,90,0,0,0,0,0,0,-5,10,-7,-20,2,6,-3,-15,4,-32,0,-18,-3,2,1,-21,1,-9,-3,10,1,3,-1,-3,-1,-11,-1,-19,-3,-6,2,7,-7,-23,-1,-5,0,-5,-2,-13,0,-25,-2,-28,-3,10,-4,-12,0,-13,-3,4,-3,-38,-9,-39,-3,6,-7,-21,0,7,-2,-36,-3,18,-2,-27,-2,16,-1,-31,-4,-23,-6,-42,-6,14,-5,-11,-2,-4,0,-30,-2,17,-1,-27,-2,-3,-2,-19,-1,-28,0,-7,0,0,0,0,0,0,0,0,0,0,0,0,0,0,0,0,0,0,0,0
-54,-96,15,6,3,91,0,0,0,0,0,0,0,8,-2,-25,-4,5,-4,-19,0,-35,-6,-18,-7,0,0,-21,-2,-7,-9,6,0,1,-6,-3,0,-11,-1,-25,-4,-8,-5,7,-3,-25,-7,-4,0,-7,-5,-11,-2,-26,0,-28,-4,7,-2,-10,-5,-14,-3,4,-1,-36,-4,-41,-3,8,-3,-18,-3,5,-5,-33,-3,18,-3,-27,2,15,-1,-28,0,-24,-6,-46,-2,19,-2,-18,1,-4,-1,-28,-1,17,-3,-30,-2,0,0,-18,-4,-25,-3,-7,0,0,0,0,0,0,0,0,0,0,0,0,0,0,0,0,0,0,0,0
-54,-96,15,6,3,92,0,0,0,0,0,0,-2,8,-5,-23,-1,7,-1,-22,-6,-36,-5,-21,-6,6,0,-28,-8,-6,-6,11,-12,0,-5,-3,-3,-15,-5,-25,-5,-4,-2,7,-2,-25,-6,-9,-2,-4,-2,-13,-7,-20,-3,-27,-8,13,0,-14,-1,-13,-2,4,-5,-38,-5,-36,-6,6,-10,-18,-4,5,-4,-35,-1,20,-5,-31,-5,16,-1,-29,-5,-24,-7,-45,0,16,-5,-9,0,-3,-3,-34,-7,18,0,-28,-2,-1,-2,-17,-6,-27,-1,-9,0,0,0,0,0,0,0,0,0,0,0,0,0,0,0,0,0,0,0,0
-56,-96,15,6,3,93,0,0,0,0,0,0,0,9,-8,-21,-4,1,-9,-16,-4,-32,-7,-21,-7,-2,-9,-29,-3,-7,-11,9,-9,1,-4,-4,-5,-13,-3,-24,-5,-5,0,8,-4,-25,-5,-8,-2,-5,-3,-12,-4,-30,-6,-27,-6,12,-8,-12,-4,-13,-1,2,-1,-39,-5,-40,-12,5,-4,-15,-3,4,-6,-31,-5,17,0,-30,0,14,-3,-30,-9,-23,-1,-43,-2,15,-10,-13,-3,-6,-4,-33,-5,21,-1,-30,-3,-3,-3,-18,-6,-28,-4,-7,0,0,0,0,0,0,0,0,0,0,0,0,0,0,0,0,0,0,0,0
-51,-96,15,6,3,94,0,0,0,0,0,0,-3,8,-7,-22,-2,4,-6,-22,-13,-39,-4,-22,-6,-1,-5,-25,-5,-8,-8,4,-7,2,1,-6,-4,-12,-5,-23,-8,-7,-6,9,-1,-24,-3,-13,-3,-2,-3,-15,-8,-23,-8,-28,0,11,-9,-12,-2,-12,-2,4,-5,-39,-5,-39,-3,2,-10,-15,-4,4,-6,-32,-3,16,-8,-30,-1,18,-3,-30,-5,-22,-10,-39,-4,13,-4,-11,-8,-4,-5,-31,-4,19,-4,-31,-6,-2,-3,-18,-1,-25,-5,-7,0,0,0,0,0,0,0,0,0,0,0,0,0,0,0,0,0,0,0,0
-57,-96,15,6,3,95,0,0,0,0,0,0,-7,13,-9,-20,-6,5,-5,-19,-1,-41,-7,-24,-13,3,-10,-24,-2,-7,-11,10,-10,0,-9,-8,-3,-13,-5,-23,-5,-7,-2,5,-4,-25,-7,-4,-2,-4,-5,-16,-5,-25,-3,-26,-4,9,-7,-11,-7,-12,0,2,-6,-37,-7,-37,-6,3,-8,-19,-7,6,-3,-32,-4,17,-5,-29,-7,16,-5,-29,-6,-23,-12,-41,-6,12,-13,-10,-4,-3,-5,-31,-8,20,-5,-28,-3,0,-3,-19,-8,-24,-3,-9,0,0,0,0,0,0,0,0,0,0,0,0,0,0,0,0,0,0,0,0
-54,-96,15,6,3,96,0,0,0,0,0,0,-11,3,-9,-25,-3,2,-12,-21,-12,-35,-4,-25,-9,-1,-2,-30,-6,-10,-13,1,-4,4,-7,-9,-7,-13,-6,-24,-9,-7,-7,8,-8,-24,-6,-9,-8,-6,-4,-15,-8,-26,-7,-31,-8,7,-9,-16,-7,-13,-4,2,-4,-38,-10,-41,-7,6,-11,-20,-6,2,-6,-37,-2,16,-9,-28,-9,13,-4,-31,-3,-25,-5,-45,-6,14,-7,-9,-7,-8,-3,-31,-8,16,-3,-30,-6,-5,-9,-19,-6,-27,-2,-8,0,0,0,0,0,0,0,0,0,0,0,0,0,0,0,0,0,0,0,0
-51,-96,15,6,3,97,0,0,0,0,0,0,-11,7,-10,-23,-5,3,-9,-19,-7,-38,-11,-21,-11,-1,-10,-28,-7,-8,-16,3,-8,6,-8,-10,-6,-14,-9,-22,-7,-8,-7,6,-10,-25,-8,-5,-5,-7,-8,-11,-16,-26,-7,-25,-10,9,-12,-15,-7,-15,-3,2,-7,-36,-12,-39,-16,1,-9,-17,-7,4,-7,-34,-4,18,-1,-28,-8,20,-6,-29,-10,-23,-16,-43,-8,14,-12,-7,-11,-1,-3,-29,-9,15,-3,-28,-6,-1,-4,-17,-6,-26,-3,-8,0,0,0,0,0,0,0,0,0,0,0,0,0,0,0,0,0,0,0,0
-55,-96,15,6,3,98,0,0,0,0,0,0,-6,4,-12,-24,-8,2,-13,-19,-17,-36,-11,-20,-10,-2,-11,-28,-5,-6,-11,5,-13,0,-13,-3,-8,-13,-4,-25,-5,-5,-6,8,-9,-23,-10,-8,-6,-8,-11,-14,-13,-30,-12,-24,-8,13,-11,-12,-8,-14,-3,5,-7,-35,-10,-36,-16,3,-15,-20,-6,6,-13,-37,-7,18,-7,-33,-10,14,-4,-31,-8,-25,-14,-43,-14,13,-10,-15,-8,-8,-4,-30,-9,20,-6,-27,-8,-5,-6,-16,-9,-25,-5,-8,0,0,0,0,0,0,0,0,0,0,0,0,0,0,0,0,0,0,0,0
-51,-96,15,6,3,99,0,0,0,0,0,0,-14,10,-15,-20,-7,8,-9,-16,-13,-37,-17,-20,-16,3,-20,-24,-10,-5,-21,8,-16,4,-11,-6,-7,-14,-17,-22,-9,-8,-9,6,-12,-22,-8,-6,-11,-5,-9,-16,-8,-20,-10,-28,-14,11,-11,-11,-12,-14,-5,3,-10,-36,-16,-41,-10,10,-10,-21,-16,9,-13,-35,-12,19,-13,-29,-13,16,-7,-31,-10,-22,-10,-48,-15,15,-13,-9,-8,-2,-6,-33,-11,18,-8,-30,-8,-2,-6,-18,-8,-25,-6,-8,0,0,0,0,0,0,0,0,0,0,0,0,0,0,0,0,0,0,0,0
-51,-96,15,6,3,100,0,0,0,0,0,0,-11,11,-15,-23,-11,7,-12,-18,-19,-35,-12,-20,-17,3,-12,-22,-11,-5,-14,6,-17,4,-12,-5,-9,-15,-14,-21,-11,-5,-12,8,-12,-22,-15,-9,-11,-5,-12,-12,-18,-21,-12,-26,-15,12,-15,-9,-12,-11,-8,3,-11,-38,-10,-39,-17,4,-20,-19,-12,8,-7,-33,-11,20,-12,-28,-15,19,-8,-29,-9,-20,-22,-44,-12,15,-16,-9,-14,-5,-12,-31,-15,16,-6,-27,-10,-2,-9,-18,-15,-21,-6,-8,0,0,0,0,0,0,0,0,0,0,0,0,0,0,0,0,0,0,0,0
-52,-96,15,6,3,101,0,0,0,0,0,0,-18,8,-19,-17,-12,8,-18,-17,-25,-34,-14,-19,-17,1,-13,-23,-9,-8,-23,11,-22,7,-14,-3,-11,-12,-15,-17,-12,-6,-8,9,-22,-23,-19,-3,-15,0,-16,-12,-18,-20,-19,-27,-17,9,-20,-14,-16,-11,-7,6,-13,-38,-16,-38,-17,10,-17,-11,-14,9,-13,-31,-15,18,-13,-27,-14,21,-7,-29,-16,-19,-19,-40,-18,17,-18,-9,-14,-3,-11,-30,-15,19,-9,-27,-11,-2,-10,-14,-15,-25,-9,-6,0,0,0,0,0,0,0,0,0,0,0,0,0,0,0,0,0,0,0,0
-52,-96,15,6,3,102,0,0,0,0,0,0,-20,10,-21,-18,-14,8,-20,-13,-23,-34,-20,-16,-22,2,-21,-18,-13,-2,-26,10,-18,6,-17,-2,-14,-13,-14,-15,-14,-3,-13,9,-18,-22,-21,-2,-18,-2,-16,-12,-23,-18,-20,-16,-27,15,-21,-12,-15,-11,-9,5,-14,-35,-21,-34,-28,9,-24,-12,-15,7,-18,-26,-15,22,-14,-27,-15,18,-11,-29,-21,-22,-22,-38,-21,17,-25,-7,-16,-4,-14,-27,-18,20,-10,-28,-12,0,-9,-16,-16,-23,-12,-4,0,0,0,0,0,0,0,0,0,0,0,0,0,0,0,0,0,0,0,0
-53,-96,15,6,3,103,0,0,0,0,0,0,-16,12,-26,-16,-13,9,-19,-14,-30,-24,-20,-15,-28,6,-21,-16,-17,-2,-31,15,-27,5,-21,-1,-17,-8,-18,-19,-21,0,-17,10,-21,-19,-22,-4,-16,-1,-15,-5,-24,-21,-19,-19,-28,12,-26,-7,-20,-12,-9,6,-15,-35,-25,-31,-23,12,-22,-11,-20,10,-21,-31,-13,24,-17,-23,-20,16,-11,-27,-20,-17,-27,-35,-20,18,-29,-4,-14,2,-15,-29,-19,24,-12,-24,-14,3,-11,-16,-19,-23,-8,-7,0,0,0,0,0,0,0,0,0,0,0,0,0,0,0,0,0,0,0,0
-54,-96,15,6,3,104,0,0,0,0,0,0,-23,11,-27,-14,-20,13,-28,-13,-27,-19,-30,-16,-21,13,-29,-14,-16,0,-32,21,-28,10,-23,3,-19,-5,-21,-14,-20,0,-20,13,-24,-16,-25,-3,-20,1,-18,-6,-28,-15,-27,-16,-35,21,-30,0,-22,-4,-11,6,-26,-33,-27,-28,-34,14,-29,-8,-21,18,-23,-25,-17,23,-20,-24,-23,26,-13,-25,-25,-16,-23,-32,-27,22,-25,-1,-24,-2,-18,-26,-23,21,-14,-24,-17,2,-14,-13,-25,-19,-14,-3,0,0,0,0,0,0,0,0,0,0,0,0,0,0,0,0,0,0,0,0
-52,-96,15,6,3,105,0,0,0,0,0,0,-25,17,-32,-7,-19,16,-30,-8,-36,-23,-29,-10,-28,12,-25,-10,-18,-1,-34,22,-38,14,-25,3,-20,-7,-27,-12,-19,0,-23,16,-25,-17,-25,4,-21,2,-21,-5,-30,-17,-28,-14,-34,18,-31,-3,-23,-7,-12,7,-20,-30,-26,-24,-27,22,-33,-4,-25,21,-25,-23,-21,27,-17,-21,-27,26,-13,-24,-29,-13,-27,-30,-23,25,-38,0,-24,3,-21,-22,-22,28,-14,-20,-19,6,-21,-11,-24,-15,-12,-3,0,0,0,0,0,0,0,0,0,0,0,0,0,0,0,0,0,0,0,0
-54,-96,15,6,3,106,0,0,0,0,0,0,-26,19,-36,-6,-21,17,-30,-5,-36,-11,-27,-8,-26,9,-28,-8,-21,2,-38,25,-41,16,-30,5,-24,-2,-26,-8,-26,1,-21,17,-26,-10,-27,6,-20,5,-23,-2,-30,-12,-34,-12,-31,29,-35,0,-19,-2,-10,7,-24,-29,-32,-20,-32,22,-25,-1,-26,19,-29,-23,-21,27,-20,-20,-27,28,-15,-23,-26,-12,-37,-29,-27,28,-37,3,-23,5,-20,-22,-22,28,-15,-21,-21,7,-17,-8,-24,-11,-12,-2,0,0,0,0,0,0,0,0,0,0,0,0,0,0,0,0,0,0,0,0
-55,-96,15,6,3,107,0,0,0,0,0,0,-28,23,-37,0,-22,19,-37,-2,-37,-12,-30,-9,-35,19,-36,-7,-24,3,-41,33,-35,25,-31,8,-19,0,-31,-7,-24,4,-22,19,-23,-9,-25,7,-23,5,-19,0,-30,-7,-28,-11,-36,27,-33,3,-23,0,-11,8,-26,-20,-36,-17,-38,24,-37,1,-27,22,-26,-22,-20,28,-19,-19,-28,32,-17,-20,-24,-7,-33,-26,-28,32,-33,3,-25,9,-21,-19,-24,33,-17,-19,-18,6,-18,-7,-28,-12,-14,0,0,0,0,0,0,0,0,0,0,0,0,0,0,0,0,0,0,0,0,0
-51,-96,15,6,3,108,0,0,0,0,0,0,-28,25,-41,5,-23,17,-33,1,-36,-18,-24,-3,-39,19,-33,-3,-24,9,-38,34,-37,27,-28,12,-22,1,-23,-4,-24,8,-22,23,-31,-7,-27,7,-24,9,-22,1,-31,-5,-30,-9,-33,33,-35,7,-22,4,-13,10,-24,-21,-37,-20,-32,30,-35,2,-25,22,-25,-13,-21,31,-21,-14,-22,30,-14,-20,-29,0,-35,-17,-23,34,-34,8,-26,9,-21,-17,-26,35,-16,-17,-20,10,-16,-4,-27,-9,-13,2,0,0,0,0,0,0,0,0,0,0,0,0,0,0,0,0,0,0,0,0
-51,-96,15,6,3,109,0,0,0,0,0,0,-25,27,-35,1,-20,21,-27,4,-34,-6,-27,-1,-31,27,-31,2,-23,10,-45,41,-38,32,-27,17,-22,2,-29,1,-20,8,-22,24,-29,-1,-24,12,-26,14,-17,5,-30,0,-28,-3,-31,33,-38,11,-25,5,-13,13,-22,-19,-33,-16,-31,34,-33,8,-25,25,-26,-14,-23,36,-21,-14,-33,38,-14,-19,-28,-2,-31,-18,-26,39,-30,10,-33,19,-17,-15,-24,37,-14,-14,-21,12,-19,-5,-23,-5,-12,3,0,0,0,0,0,0,0,0,0,0,0,0,0,0,0,0,0,0,0,0
-53,-96,15,6,3,110,0,0,0,0,0,0,-24,30,-33,6,-20,25,-19,6,-33,0,-22,2,-27,30,-26,3,-24,7,-35,40,-33,37,-32,17,-21,5,-22,2,-20,12,-22,26,-25,-1,-26,16,-24,10,-21,4,-24,4,-27,-1,-36,40,-26,15,-22,9,-10,14,-21,-17,-25,-12,-39,34,-28,11,-24,30,-22,-11,-20,35,-20,-10,-25,42,-14,-17,-21,3,-27,-14,-26,38,-32,21,-22,16,-16,-13,-26,39,-15,-15,-19,14,-14,-4,-24,-1,-13,4,0,0,0,0,0,0,0,0,0,0,0,0,0,0,0,0,0,0,0,0
-53,-96,15,6,3,111,0,0,0,0,0,0,-19,34,-27,16,-17,27,-24,11,-26,-1,-22,7,-24,31,-27,8,-16,14,-30,48,-27,39,-21,18,-20,6,-19,7,-19,14,-21,28,-23,2,-24,13,-17,16,-19,8,-27,4,-19,0,-29,40,-30,27,-21,6,-10,15,-20,-15,-28,-7,-29,42,-25,14,-22,32,-21,-9,-17,41,-18,-7,-23,43,-13,-14,-24,4,-23,-11,-22,40,-28,22,-21,19,-14,-11,-17,43,-13,-13,-15,18,-12,-1,-18,0,-12,5,0,0,0,0,0,0,0,0,0,0,0,0,0,0,0,0,0,0,0,0
-57,-96,15,6,3,112,0,0,0,0,0,0,-18,41,-30,12,-14,29,-22,17,-29,6,-16,8,-21,37,-22,7,-20,12,-32,50,-26,37,-14,26,-13,9,-18,8,-15,14,-15,30,-19,6,-18,19,-15,17,-13,13,-25,11,-20,5,-21,43,-23,24,-14,14,-9,19,-16,-12,-26,-5,-18,46,-19,17,-15,34,-17,-4,-19,40,-18,-6,-17,45,-12,-13,-17,4,-23,-8,-18,48,-26,25,-15,22,-12,-6,-18,47,-12,-11,-18,16,-14,0,-19,0,-10,6,0,0,0,0,0,0,0,0,0,0,0,0,0,0,0,0,0,0,0,0
-54,-96,15,6,3,113,0,0,0,0,0,0,-15,38,-18,16,-11,31,-13,14,-24,7,-15,9,-12,40,-13,8,-14,16,-22,48,-20,41,-13,26,-13,12,-13,9,-12,18,-15,32,-21,5,-15,22,-10,19,-12,11,-18,12,-20,4,-19,42,-18,27,-12,10,-7,19,-16,-10,-21,-4,-16,48,-19,21,-12,36,-13,-3,-8,42,-7,-5,-17,47,-8,-12,-15,13,-20,-7,-16,44,-16,28,-14,26,-11,-6,-12,45,-8,-12,-14,21,-10,2,-15,7,-7,7,0,0,0,0,0,0,0,0,0,0,0,0,0,0,0,0,0,0,0,0
-56,-96,15,6,3,114,0,0,0,0,0,0,-9,38,-15,18,-8,35,-12,21,-18,7,-11,13,-12,41,-20,14,-3,16,-13,55,-13,40,-11,26,-9,12,-9,11,-7,21,-9,33,-10,13,-10,23,-12,23,-9,14,-15,15,-11,12,-16,53,-13,26,-11,18,-6,18,-10,-8,-10,1,-8,44,-14,21,-10,37,-12,-1,-8,44,-10,-4,-10,45,-4,-11,-15,10,-14,-2,-12,45,-10,32,-11,26,-10,-5,-12,52,-5,-9,-7,23,-9,2,-11,4,-3,12,0,0,0,0,0,0,0,0,0,0,0,0,0,0,0,0,0,0,0,0
-51,-96,15,6,3,115,0,0,0,0,0,0,-6,42,-12,21,0,34,-4,17,-12,13,-4,16,-6,42,-5,12,-2,19,-9,63,-2,49,0,27,-3,12,-8,13,0,22,-3,34,-10,10,-6,26,-3,24,-6,18,-7,12,-3,13,-9,53,-7,32,-7,19,-4,18,-2,-6,-3,3,-11,47,-7,28,-7,40,-8,0,-4,44,-4,-3,-5,54,-5,-12,-8,14,-7,-1,-11,50,-5,30,0,28,-5,-5,-4,50,-6,-8,-4,21,-4,5,-4,6,-2,8,0,0,0,0,0,0,0,0,0,0,0,0,0,0,0,0,0,0,0,0
-56,-96,15,6,3,116,0,0,0,0,0,0,-1,43,0,19,2,32,0,19,-5,11,-2,15,1,45,-2,17,-2,18,-7,64,0,51,-1,32,-4,15,1,15,1,23,0,39,-1,13,1,26,0,25,0,14,-3,18,-1,12,-1,51,-6,34,4,17,-3,21,0,-7,1,4,-1,49,-5,25,-1,40,-1,1,0,45,0,0,0,51,-2,-9,0,16,-2,1,-4,50,1,33,0,30,0,-3,-2,53,0,-7,0,24,1,5,0,8,0,10,0,0,0,0,0,0,0,0,0,0,0,0,0,0,0,0,0,0,0,0
-52,-96,15,6,3,117,0,0,0,0,0,0,4,43,8,27,3,34,2,23,8,10,5,16,0,47,9,12,2,19,3,60,2,44,0,32,1,14,3,13,2,21,3,37,0,14,6,27,4,25,3,17,3,18,3,12,4,53,0,33,1,18,2,20,2,-7,5,6,6,53,2,26,3,39,2,0,6,46,5,0,4,50,2,-10,6,12,4,1,4,54,0,40,4,31,-1,-4,4,53,3,-7,2,24,3,4,7,7,1,9,0,0,0,0,0,0,0,0,0,0,0,0,0,0,0,0,0,0,0,0
-54,-96,15,6,3,118,0,0,0,0,0,0,9,45,13,25,5,36,7,17,11,16,4,17,10,45,7,17,6,21,18,58,4,45,4,30,7,19,7,12,6,20,7,33,5,13,6,28,5,22,5,15,11,17,8,11,5,53,7,30,5,19,2,19,7,-5,10,5,6,50,3,26,6,40,8,-1,8,45,8,3,2,56,3,-8,5,12,7,-1,3,52,10,36,8,31,2,-1,8,54,4,-8,6,25,4,7,6,7,6,9,0,0,0,0,0,0,0,0,0,0,0,0,0,0,0,0,0,0,0,0
-53,-96,15,6,3,119,0,0,0,0,0,0,12,40,10,23,10,34,14,20,19,11,13,16,20,47,17,17,10,23,10,57,15,42,12,32,9,14,12,14,11,24,9,34,16,15,8,26,8,21,9,18,16,15,10,11,14,55,20,29,9,18,4,20,12,-6,9,3,16,48,14,28,12,40,13,-2,10,46,9,-2,8,50,8,-8,16,14,11,0,8,53,14,32,6,28,7,-4,6,49,7,-9,7,21,9,3,12,6,5,7,0,0,0,0,0,0,0,0,0,0,0,0,0,0,0,0,0,0,0,0
-57,-96,15,6,3,120,0,0,0,0,0,0,13,41,19,28,12,32,17,19,21,12,12,13,14,45,17,14,11,16,21,57,17,47,15,29,13,15,14,15,10,18,14,35,16,15,11,26,14,20,11,16,13,19,16,10,22,51,18,29,15,17,5,18,12,-8,13,0,20,47,18,25,15,39,12,0,10,45,12,0,12,48,9,-11,16,13,18,-3,18,47,22,29,13,28,11,-4,11,49,9,-8,12,25,10,5,16,6,6,10,0,0,0,0,0,0,0,0,0,0,0,0,0,0,0,0,0,0,0,0
-56,-96,15,6,3,121,0,0,0,0,0,0,19,40,26,20,19,32,22,16,17,10,18,12,20,46,19,10,12,20,26,54,14,42,19,26,12,12,15,12,13,16,12,31,19,12,15,23,15,20,16,11,15,19,18,9,22,50,23,26,15,17,8,17,16,-10,20,-2,23,49,17,24,16,39,15,-2,15,45,11,-3,18,48,10,-11,16,14,21,-4,21,48,25,31,15,29,14,-6,14,47,8,-9,11,19,9,4,16,7,8,9,0,0,0,0,0,0,0,0,0,0,0,0,0,0,0,0,0,0,0,0
-55,-96,15,6,3,122,0,0,0,0,0,0,12,36,23,19,16,28,24,10,23,5,16,11,20,36,28,9,13,16,30,50,26,38,18,21,16,10,20,7,16,19,13,32,16,7,18,22,15,16,17,10,25,13,14,4,28,46,24,21,22,11,10,17,20,-13,27,0,26,45,24,15,19,32,18,-4,13,42,17,-5,20,50,10,-11,14,9,28,-3,21,50,30,24,15,23,13,-7,20,48,13,-9,12,20,12,0,15,1,10,7,0,0,0,0,0,0,0,0,0,0,0,0,0,0,0,0,0,0,0,0
-56,-96,15,6,3,123,0,0,0,0,0,0,21,35,24,12,14,30,21,14,25,6,19,7,29,38,28,6,15,14,29,51,25,41,20,23,17,9,19,9,15,15,14,29,19,3,18,21,18,19,14,12,20,11,21,8,23,46,25,23,22,12,9,15,19,-13,19,-6,24,36,24,15,15,31,16,-6,17,40,15,-3,21,45,12,-12,22,6,20,-7,24,41,27,26,17,19,14,-10,18,45,9,-9,11,21,11,0,17,-1,11,6,0,0,0,0,0,0,0,0,0,0,0,0,0,0,0,0,0,0,0,0
-52,-96,15,6,3,124,0,0,0,0,0,0,24,35,24,9,16,28,23,9,26,-4,15,2,18,35,21,10,16,14,36,45,21,35,25,23,13,4,19,5,19,11,16,29,23,2,16,16,16,16,15,7,23,4,21,2,27,39,24,18,19,12,10,15,17,-11,25,-8,20,43,24,10,23,33,21,-10,12,39,20,-6,22,41,10,-15,18,3,31,-15,20,41,25,18,19,18,13,-13,20,44,10,-12,17,15,12,-2,19,-3,8,7,0,0,0,0,0,0,0,0,0,0,0,0,0,0,0,0,0,0,0,0
-51,-96,15,6,3,125,0,0,0,0,0,0,17,30,25,12,14,23,22,9,33,-2,19,5,21,28,20,3,12,10,30,44,25,31,19,13,16,3,24,1,14,12,15,23,19,-1,23,16,14,14,16,3,16,3,16,-1,24,37,21,16,18,6,9,12,16,-18,21,-8,25,33,25,13,19,27,18,-8,14,37,15,-11,17,40,12,-15,20,3,19,-16,21,33,24,17,14,14,17,-14,19,41,15,-16,14,15,13,-1,19,-5,10,2,0,0,0,0,0,0,0,0,0,0,0,0,0,0,0,0,0,0,0,0
-57,-96,15,6,3,126,0,0,0,0,0,0,23,27,30,1,14,23,24,0,30,-11,18,-1,23,26,24,-4,18,8,36,41,19,27,21,15,15,0,17,-1,13,8,13,22,21,-1,17,14,13,11,19,1,18,-4,20,-5,25,38,20,10,18,4,8,15,18,-22,24,-11,26,33,20,10,17,25,20,-14,13,36,15,-12,22,38,9,-18,19,-1,22,-19,16,36,23,16,19,13,12,-15,19,34,11,-15,14,11,11,-4,14,-7,9,2,0,0,0,0,0,0,0,0,0,0,0,0,0,0,0,0,0,0,0,0
-57,-96,15,6,3,127,0,0,0,0,0,0,19,26,25,0,16,19,19,0,12,-13,19,-1,18,20,20,-4,15,4,21,31,24,26,20,12,15,-1,16,-1,12,8,13,23,17,-7,18,7,14,5,14,1,22,-4,13,-7,24,29,24,8,19,1,8,10,16,-20,19,-15,20,26,20,4,20,23,21,-17,14,33,14,-14,13,34,11,-20,19,-3,20,-23,17,33,22,10,13,14,11,-18,17,33,9,-19,11,9,8,-5,19,-9,9,2,0,0,0,0,0,0,0,0,0,0,0,0,0,0,0,0,0,0,0,0
-56,-96,15,6,3,128,0,0,0,0,0,0,17,23,12,-1,18,17,15,1,22,-12,20,-5,13,19,18,-9,13,4,28,21,22,21,14,5,15,0,17,-7,17,6,12,18,15,-6,15,5,13,3,12,-1,15,-7,18,-7,19,26,17,5,15,-3,6,10,14,-24,21,-23,18,26,22,-1,18,18,13,-20,14,27,13,-15,19,30,10,-23,19,-5,24,-27,15,33,25,8,21,12,12,-19,13,31,11,-18,11,9,12,-6,10,-8,7,1,0,0,0,0,0,0,0,0,0,0,0,0,0,0,0,0,0,0,0,0
-51,-96,15,6,3,129,0,0,0,0,0,0,10,19,26,-10,9,16,17,-11,24,-20,14,-9,14,17,15,-11,13,0,14,22,16,14,18,5,11,-3,15,-6,9,5,15,17,15,-13,9,4,10,3,12,-4,15,-12,19,-12,18,27,13,2,15,-3,5,9,14,-26,16,-21,21,18,22,-2,20,18,14,-23,12,26,14,-20,14,30,8,-23,20,-11,21,-25,16,32,15,-2,13,5,8,-21,14,30,10,-19,12,8,7,-11,11,-16,7,-2,0,0,0,0,0,0,0,0,0,0,0,0,0,0,0,0,0,0,0,0
-53,-96,15,6,3,130,0,0,0,0,0,0,17,15,17,-7,9,14,18,-10,21,-23,15,-9,14,11,16,-15,10,0,24,20,25,12,13,2,10,-4,16,-11,13,1,6,14,14,-14,14,1,8,2,13,-8,16,-14,18,-14,23,25,13,-5,15,-8,5,8,13,-25,20,-28,17,19,17,-5,16,13,17,-26,10,28,14,-21,14,29,9,-23,17,-15,13,-31,12,22,22,1,11,5,9,-23,14,27,9,-20,12,4,11,-12,15,-13,6,-3,0,0,0,0,0,0,0,0,0,0,0,0,0,0,0,0,0,0,0,0
-52,-96,15,6,3,131,0,0,0,0,0,0,15,14,11,-15,12,11,15,-13,19,-22,11,-14,20,10,15,-17,8,-3,18,18,19,8,13,-1,8,-8,15,-12,8,0,15,15,8,-22,10,1,12,0,13,-6,16,-15,12,-15,18,18,16,-5,12,-6,4,5,9,-31,20,-30,16,17,8,-8,15,14,13,-29,8,25,10,-24,11,23,4,-24,14,-19,14,-35,14,19,15,0,12,5,5,-27,10,22,7,-25,11,4,7,-13,15,-19,4,-6,0,0,0,0,0,0,0,0,0,0,0,0,0,0,0,0,0,0,0,0
-57,-96,15,6,3,132,0,0,0,0,0,0,14,15,12,-16,9,12,9,-14,14,-32,13,-15,13,4,8,-21,16,-4,24,12,16,7,12,-2,9,-8,12,-13,8,-2,9,11,14,-20,9,-2,10,-3,10,-12,11,-17,13,-24,20,15,12,-7,15,-13,6,5,9,-33,16,-36,12,13,20,-9,10,13,11,-28,10,21,14,-25,12,22,9,-27,15,-15,17,-35,14,19,19,-9,13,0,10,-25,16,22,5,-26,8,-2,8,-14,10,-19,6,-5,0,0,0,0,0,0,0,0,0,0,0,0,0,0,0,0,0,0,0,0
-54,-96,15,6,3,133,0,0,0,0,0,0,8,12,18,-19,12,5,10,-16,17,-32,8,-19,17,4,9,-26,10,-8,22,10,13,7,10,-2,8,-9,11,-18,9,-4,9,11,13,-20,10,3,10,-4,5,-11,11,-24,11,-22,19,13,16,-7,6,-14,4,6,10,-36,13,-34,16,13,12,-10,10,12,11,-29,9,20,11,-25,10,19,8,-28,14,-18,10,-39,14,20,17,-5,8,-3,7,-28,9,23,7,-25,7,0,9,-18,9,-22,5,-5,0,0,0,0,0,0,0,0,0,0,0,0,0,0,0,0,0,0,0,0
-53,-96,15,6,3,134,0,0,0,0,0,0,14,4,19,-16,9,7,11,-16,17,-34,7,-19,13,0,11,-27,7,-6,15,6,13,3,10,-6,6,-11,13,-19,8,-5,8,6,11,-23,7,-5,9,-3,8,-10,13,-18,17,-23,9,14,16,-7,12,-9,5,3,13,-39,12,-36,17,11,11,-11,9,7,8,-33,7,20,10,-27,12,15,9,-29,14,-21,9,-42,14,14,11,-9,12,-3,12,-32,8,18,7,-28,10,0,8,-17,7,-21,6,-7,0,0,0,0,0,0,0,0,0,0,0,0,0,0,0,0,0,0,0,0
-53,-96,15,6,3,135,0,0,0,0,0,0,11,10,20,-24,8,5,14,-17,13,-31,10,-22,10,4,11,-25,8,-7,15,8,13,0,10,-4,4,-13,12,-25,7,-7,8,6,13,-22,9,-8,11,-4,10,-13,15,-21,13,-25,15,5,10,-8,8,-11,5,3,13,-35,10,-36,10,4,18,-15,12,7,11,-35,7,18,7,-31,10,17,6,-29,13,-22,12,-42,11,16,14,-13,8,-3,4,-31,12,18,4,-27,4,-2,9,-17,9,-25,7,-7,0,0,0,0,0,0,0,0,0,0,0,0,0,0,0,0,0,0,0,0
-54,-96,15,6,3,136,0,0,0,0,0,0,11,7,14,-24,9,8,12,-20,15,-33,11,-21,9,0,15,-24,8,-6,15,11,13,3,15,-4,11,-17,7,-24,6,-9,9,7,11,-24,8,-9,9,-4,12,-12,11,-24,12,-25,16,10,10,-12,8,-14,3,3,10,-39,15,-40,15,8,14,-19,11,6,13,-34,9,16,7,-30,12,17,5,-32,12,-20,13,-44,14,10,15,-12,10,-5,9,-32,7,19,4,-28,6,-2,5,-18,13,-22,4,-7,0,0,0,0,0,0,0,0,0,0,0,0,0,0,0,0,0,0,0,0
-54,-96,15,6,3,137,0,0,0,0,0,0,10,8,12,-25,6,1,12,-17,9,-37,14,-20,13,-4,14,-25,7,-9,15,0,13,2,10,-4,8,-14,8,-22,6,-8,10,7,12,-25,9,-11,6,-7,10,-12,13,-26,10,-24,15,8,14,-9,7,-16,5,2,11,-39,12,-43,13,6,10,-20,13,5,8,-34,9,17,9,-32,11,13,5,-30,12,-21,11,-42,14,14,16,-9,9,-6,7,-31,7,16,6,-32,5,-2,4,-19,14,-24,5,-9,0,0,0,0,0,0,0,0,0,0,0,0,0,0,0,0,0,0,0,0
-57,-96,15,6,3,138,0,0,0,0,0,0,10,6,7,-25,8,5,9,-20,17,-36,9,-22,7,0,12,-28,10,-8,11,10,12,6,8,-7,9,-12,14,-24,4,-8,11,5,10,-24,4,-8,10,-11,8,-16,7,-19,11,-28,13,9,14,-10,12,-16,6,1,6,-38,13,-41,18,4,16,-18,7,7,9,-36,5,19,6,-30,11,19,5,-33,12,-21,17,-42,10,15,12,-15,11,-4,8,-30,10,15,8,-29,5,-1,8,-18,10,-25,4,-7,0,0,0,0,0,0,0,0,0,0,0,0,0,0,0,0,0,0,0,0
-51,-96,15,6,3,139,0,0,0,0,0,0,7,3,13,-26,4,2,7,-19,8,-36,7,-18,3,2,8,-23,5,-11,16,8,11,1,10,-4,8,-14,10,-21,8,-7,9,6,8,-22,7,-7,9,-4,9,-14,8,-26,9,-29,14,10,17,-13,9,-13,6,2,6,-37,11,-37,15,7,12,-15,8,6,7,-36,8,17,8,-28,8,11,5,-30,14,-20,8,-40,13,17,13,-11,9,-4,7,-32,9,13,4,-28,9,-2,5,-17,7,-25,3,-9,0,0,0,0,0,0,0,0,0,0,0,0,0,0,0,0,0,0,0,0
-57,-96,15,6,3,140,0,0,0,0,0,0,8,5,12,-25,4,3,12,-22,13,-36,10,-19,17,0,10,-26,7,-7,11,6,15,3,9,-5,5,-12,10,-19,8,-6,9,6,11,-25,9,-4,8,-8,7,-12,6,-23,8,-26,10,10,13,-14,5,-16,2,2,5,-38,9,-44,15,5,15,-13,9,4,9,-38,12,18,4,-29,9,14,6,-29,6,-23,8,-45,13,13,7,-11,10,-8,5,-34,7,17,3,-30,4,-4,7,-19,6,-30,6,-7,0,0,0,0,0,0,0,0,0,0,0,0,0,0,0,0,0,0,0,0
-55,-96,15,6,3,141,0,0,0,0,0,0,3,6,10,-21,7,5,7,-20,14,-34,10,-22,9,0,7,-22,4,-7,10,13,8,2,10,-7,5,-13,2,-20,6,-6,5,9,6,-25,5,-10,8,-9,6,-11,5,-21,6,-22,13,8,9,-12,9,-15,4,2,7,-35,9,-40,7,4,6,-19,10,1,2,-33,7,20,7,-30,2,15,5,-31,6,-19,4,-44,10,12,10,-11,4,-5,5,-31,3,13,4,-27,5,-4,7,-19,5,-27,3,-8,0,0,0,0,0,0,0,0,0,0,0,0,0,0,0,0,0,0,0,0
-57,-96,15,6,3,142,0,0,0,0,0,0,3,9,8,-23,3,7,5,-17,9,-34,4,-17,7,-6,12,-23,3,-9,8,7,8,6,11,-2,3,-13,4,-23,9,-5,6,11,8,-27,6,-11,5,-7,4,-15,8,-24,7,-22,3,8,5,-8,4,-13,3,1,3,-36,3,-36,10,4,1,-17,10,7,10,-35,7,19,4,-29,2,16,3,-29,5,-22,7,-44,7,10,7,-10,5,-4,3,-32,9,15,4,-27,5,-2,5,-17,6,-25,4,-7,0,0,0,0,0,0,0,0,0,0,0,0,0,0,0,0,0,0,0,0
-51,-96,15,6,3,143,0,0,0,0,0,0,5,6,9,-20,8,5,2,-20,7,-32,3,-19,8,2,6,-26,6,-8,13,8,5,0,9,-7,4,-10,3,-23,7,-6,4,5,9,-25,6,-3,3,-5,4,-10,5,-24,10,-32,8,4,10,-8,-1,-11,2,3,7,-39,6,-39,7,6,8,-16,7,7,7,-34,4,20,3,-27,5,16,4,-30,7,-24,1,-39,8,14,6,-4,6,-5,4,-30,2,17,3,-29,3,-1,2,-17,3,-27,3,-7,0,0,0,0,0,0,0,0,0,0,0,0,0,0,0,0,0,0,0,0
-57,-96,15,6,3,144,0,0,0,0,0,0,5,7,8,-22,3,3,4,-17,4,-33,8,-21,6,-5,8,-27,2,-7,9,4,6,1,6,-5,0,-12,0,-23,2,-6,1,7,4,-24,0,-5,2,-7,5,-13,2,-25,7,-26,8,8,2,-10,4,-10,1,2,0,-41,6,-41,4,10,4,-10,3,8,4,-34,7,21,6,-31,2,16,1,-30,0,-18,9,-40,3,13,7,-8,6,-3,3,-32,2,17,4,-28,3,-1,3,-18,5,-25,1,-7,0,0,0,0,0,0,0,0,0,0,0,0,0,0,0,0,0,0,0,0
-54,-96,15,6,3,145,0,0,0,0,0,0,3,9,3,-17,2,6,5,-18,3,-32,6,-21,3,0,4,-24,2,-4,9,6,0,0,0,-6,4,-14,3,-24,2,-8,1,9,-2,-20,1,-9,4,-3,0,-14,0,-28,6,-25,0,11,5,-7,6,-12,0,3,0,-38,2,-37,-1,9,2,-16,0,4,-1,-33,3,19,0,-28,5,17,2,-27,6,-24,0,-43,2,16,7,-15,1,-4,4,-31,0,19,1,-29,3,-1,3,-19,2,-24,2,-7,0,0,0,0,0,0,0,0,0,0,0,0,0,0,0,0,0,0,0,0
-56,-96,15,6,3,146,0,0,0,0,0,0,-2,7,-5,-21,3,5,1,-18,0,-35,1,-22,2,-1,3,-21,0,-9,-3,0,0,0,4,-5,1,-11,7,-19,-2,-11,1,7,5,-26,0,-9,1,-6,0,-11,0,-19,1,-24,5,7,0,-9,1,-12,0,3,0,-38,1,-41,2,7,-4,-16,0,3,-1,-33,1,19,5,-31,0,15,3,-28,0,-20,4,-40,3,16,0,-12,0,-5,0,-32,0,21,0,-28,0,-2,0,-16,2,-24,-1,-7,0,0,0,0,0,0,0,0,0,0,0,0,0,0,0,0,0,0,0,0
-56,-96,15,6,3,147,0,0,0,0,0,0,3,7,1,-20,0,6,-1,-19,5,-33,2,-20,4,-1,-1,-23,0,-9,-6,4,7,3,-4,-6,2,-15,6,-20,-1,-4,3,8,-1,-20,0,-7,-1,-8,1,-12,3,-20,-1,-24,2,11,-2,-7,0,-13,-1,2,1,-36,-5,-38,-1,10,-6,-17,3,8,2,-34,1,20,0,-30,2,14,0,-30,1,-20,-2,-43,-2,17,-1,-10,0,-3,1,-30,0,18,0,-30,0,-3,0,-18,-2,-25,0,-7,0,0,0,0,0,0,0,0,0,0,0,0,0,0,0,0,0,0,0,0
-51,-96,15,6,3,148,0,0,0,0,0,0,-1,8,-2,-21,1,4,-1,-17,1,-34,1,-18,1,-1,2,-20,-3,-6,-7,10,0,2,0,-9,-1,-13,-1,-21,-1,-7,0,8,-1,-25,-2,-8,0,-6,0,-11,-2,-25,6,-22,2,9,-2,-8,1,-13,-1,3,2,-37,-7,-37,1,11,0,-12,4,7,-1,-35,-1,19,-1,-26,0,20,1,-30,-1,-22,0,-41,-1,18,-7,-6,-2,-2,0,-31,-3,14,-1,-28,-1,-1,-2,-17,-3,-24,-1,-8,0,0,0,0,0,0,0,0,0,0,0,0,0,0,0,0,0,0,0,0
-53,-96,15,6,3,149,0,0,0,0,0,0,0,10,1,-21,-3,7,-1,-17,-7,-35,-2,-18,-3,4,-4,-26,-1,-6,0,1,1,1,-3,-4,-2,-12,-3,-20,0,-8,-1,7,2,-27,-2,-6,1,-3,-3,-13,-4,-26,0,-25,-1,11,-3,-13,-1,-13,0,3,0,-39,-3,-36,-1,10,-5,-17,-7,6,0,-34,-4,19,-1,-29,-1,15,-2,-30,-1,-19,-1,-43,0,15,-7,-13,0,-3,-2,-31,-1,19,0,-29,-2,-1,0,-17,-2,-26,-2,-7,0,0,0,0,0,0,0,0,0,0,0,0,0,0,0,0,0,0,0,0
-52,-96,15,6,3,150,0,0,0,0,0,0,-3,8,-1,-21,-1,4,-2,-16,-4,-35,-3,-19,-7,0,-5,-26,-4,-7,-9,7,-4,-1,-5,-2,-1,-12,-6,-25,-1,-8,-1,8,-1,-26,-4,-4,-1,-5,-5,-16,-8,-23,-4,-23,-8,12,-4,-10,-2,-11,0,2,0,-40,-4,-38,-4,5,-7,-18,-1,6,0,-33,-1,19,0,-28,1,16,-1,-30,-8,-17,-1,-46,-3,12,1,-10,-1,-5,-1,-31,-1,21,-1,-27,-3,-2,-2,-16,-4,-21,0,-8,0,0,0,0,0,0,0,0,0,0,0,0,0,0,0,0,0,0,0,0
-51,-96,15,6,3,151,0,0,0,0,0,0,-4,6,0,-23,0,4,-4,-19,-3,-36,0,-19,-1,-1,-7,-22,-6,-4,-8,3,-3,0,-2,-5,-2,-16,-1,-24,-3,-6,-2,4,-1,-22,-3,-11,-3,-4,-5,-13,-4,-26,-2,-27,-2,11,-5,-12,0,-12,0,2,-2,-33,-5,-37,-2,6,-1,-18,-5,7,-2,-30,-2,19,-5,-29,-1,20,0,-30,-5,-22,-1,-44,1,14,0,-11,-3,-5,0,-29,-2,17,0,-29,-6,-1,-2,-18,-5,-23,0,-9,0,0,0,0,0,0,0,0,0,0,0,0,0,0,0,0,0,0,0,0
-55,-96,15,6,3,152,0,0,0,0,0,0,-4,5,-8,-22,1,8,0,-18,-4,-37,0,-21,-3,4,-7,-20,-4,-8,-6,7,0,0,-4,-9,-1,-13,-2,-24,-2,-4,-3,5,-3,-23,-6,-8,-4,-6,-3,-14,-5,-24,-6,-25,-4,6,-5,-9,-3,-14,-2,2,0,-35,-2,-39,-3,4,-8,-18,-2,6,-6,-36,-4,17,-1,-30,-6,14,0,-31,0,-26,-5,-43,0,13,-8,-13,-4,-3,-3,-32,-7,18,-1,-29,-1,-3,-5,-17,-4,-26,-1,-10,0,0,0,0,0,0,0,0,0,0,0,0,0,0,0,0,0,0,0,0
-56,-96,15,6,3,153,0,0,0,0,0,0,0,6,-4,-20,-1,3,0,-18,-2,-37,-5,-18,-5,-1,-3,-25,-6,-11,-4,8,-3,2,-3,-5,-2,-12,-3,-19,-3,-5,-6,10,-9,-25,-4,-9,-7,-5,-4,-15,-6,-29,-6,-28,-1,10,-2,-16,-3,-12,-1,2,-7,-38,-6,-38,-5,4,0,-18,-3,9,-3,-35,-4,18,-3,-31,-3,10,0,-29,-4,-21,-4,-46,-6,12,-5,-12,-4,-5,-2,-30,-4,15,-2,-29,-1,-2,-2,-18,-5,-27,-1,-8,0,0,0,0,0,0,0,0,0,0,0,0,0,0,0,0,0,0,0,0
-56,-96,15,6,3,154,0,0,0,0,0,0,-4,6,-11,-27,-2,5,-3,-20,-5,-38,-6,-24,-12,-3,-3,-25,-2,-10,-10,3,-6,0,-2,-4,-2,-15,-4,-21,-5,-9,-4,7,-1,-24,-4,-10,-7,-6,-8,-16,-10,-27,-5,-26,-5,7,-9,-15,-4,-17,-1,3,-7,-36,-8,-40,-7,4,-7,-22,-1,9,-6,-36,-7,19,-8,-30,-7,16,-2,-32,-10,-25,-6,-49,-1,16,-10,-17,-3,-7,-1,-32,-9,18,-3,-30,-6,-4,-4,-18,0,-29,-2,-7,0,0,0,0,0,0,0,0,0,0,0,0,0,0,0,0,0,0,0,0
-52,-96,15,6,3,155,0,0,0,0,0,0,-6,8,-6,-21,-5,4,-6,-19,-3,-36,-5,-23,-7,-4,-7,-27,-4,-7,-6,2,-3,0,-8,-9,-3,-14,-5,-21,-4,-7,-7,4,-4,-27,-3,-7,-3,-6,-5,-13,-6,-28,-7,-27,-10,10,-10,-12,-6,-14,-3,3,-7,-37,-12,-39,-4,3,-13,-23,-5,5,-4,-35,-6,14,-5,-30,-7,13,-5,-32,-2,-22,-7,-41,-6,12,-7,-13,-7,-6,-7,-32,-9,18,-2,-30,-6,-4,-6,-16,-7,-28,-2,-8,0,0,0,0,0,0,0,0,0,0,0,0,0,0,0,0,0,0,0,0
-53,-96,15,6,3,156,0,0,0,0,0,0,-5,9,-7,-23,-3,6,-9,-16,-12,-40,-7,-20,-11,-1,-7,-25,-3,-10,-12,2,-6,-2,-10,-7,-4,-14,-13,-20,-6,-7,-5,6,0,-27,-8,-9,-5,-7,-4,-12,-6,-24,-8,-27,-5,9,-5,-13,-6,-14,-4,3,-8,-39,-6,-38,-6,2,-10,-12,-8,4,-3,-34,-8,13,0,-31,-10,12,-5,-28,-8,-21,-4,-45,-12,14,-7,-12,-8,-5,-6,-29,-6,16,-2,-29,-5,-1,-1,-18,-6,-23,-3,-7,0,0,0,0,0,0,0,0,0,0,0,0,0,0,0,0,0,0,0,0
-56,-96,15,6,3,157,0,0,0,0,0,0,-6,2,-11,-21,-3,4,-9,-20,-7,-35,-10,-20,-13,0,-8,-24,-6,-6,-17,8,-12,0,-13,-3,-7,-14,-10,-23,-7,-4,-2,9,-9,-27,-7,-8,-6,-4,-6,-14,-6,-24,-12,-26,-10,12,-10,-13,-12,-13,-2,3,-8,-38,-6,-36,-12,7,-8,-13,-8,3,-11,-33,-4,18,-8,-30,-6,13,-2,-31,-6,-23,-12,-45,-13,10,-9,-11,-10,-9,-5,-32,-7,15,-3,-28,-7,2,-2,-20,-7,-22,-3,-6,0,0,0,0,0,0,0,0,0,0,0,0,0,0,0,0,0,0,0,0
-54,-96,15,6,3,158,0,0,0,0,0,0,-10,10,-7,-23,-10,8,-8,-17,-13,-35,-5,-23,-19,0,-13,-24,-8,-6,-18,9,-8,1,-10,-5,-4,-12,-9,-21,-10,-6,-7,7,-10,-25,-9,-3,-7,-6,-5,-17,-9,-24,-9,-24,-16,6,-11,-12,-10,-12,-4,3,-9,-40,-11,-42,-16,9,-14,-16,-11,8,-11,-30,-8,15,-10,-29,-12,15,-4,-30,-12,-20,-5,-39,-10,16,-16,-14,-8,-1,-4,-29,-9,19,-5,-27,-6,-3,-7,-19,-6,-25,-7,-7,0,0,0,0,0,0,0,0,0,0,0,0,0,0,0,0,0,0,0,0
-52,-96,15,6,3,159,0,0,0,0,0,0,-12,13,-8,-19,-5,6,-11,-17,-16,-30,-9,-18,-10,2,-16,-23,-10,-6,-18,8,-12,3,-10,-7,-7,-9,-12,-28,-12,-7,-9,8,-11,-24,-9,-5,-10,-5,-10,-14,-11,-25,-11,-22,-4,10,-13,-11,-11,-11,-5,3,-6,-35,-12,-38,-15,6,-15,-17,-11,3,-7,-31,-10,18,-11,-27,-7,17,-7,-28,-10,-19,-11,-39,-10,15,-13,-14,-9,-5,-5,-29,-7,21,-6,-28,-9,-2,-7,-17,-10,-26,-4,-8,0,0,0,0,0,0,0,0,0,0,0,0,0,0,0,0,0,0,0,0
-54,-96,15,6,3,160,0,0,0,0,0,0,-16,8,-16,-22,-10,6,-15,-15,-13,-33,-8,-18,-17,2,-13,-19,-9,-7,-18,8,-24,2,-13,-4,-12,-11,-10,-19,-10,-2,-11,9,-16,-21,-10,-5,-8,-3,-11,-10,-11,-21,-14,-26,-16,13,-19,-13,-11,-12,-4,5,-11,-32,-19,-35,-11,9,-10,-12,-11,9,-13,-32,-10,21,-9,-27,-12,14,-5,-28,-12,-20,-11,-36,-10,15,-6,-9,-8,-3,-8,-29,-13,21,-6,-24,-9,2,-7,-14,-13,-27,-5,-4,0,0,0,0,0,0,0,0,0,0,0,0,0,0,0,0,0,0,0,0
-52,-96,15,6,3,161,0,0,0,0,0,0,-14,11,-19,-18,-11,8,-19,-12,-22,-28,-11,-19,-17,1,-13,-21,-7,0,-19,18,-14,4,-15,0,-8,-7,-15,-19,-12,-5,-11,10,-16,-16,-18,-2,-12,-2,-11,-7,-13,-18,-13,-21,-13,14,-20,-5,-15,-7,-6,4,-9,-30,-17,-32,-18,9,-18,-6,-12,9,-16,-30,-11,23,-12,-28,-15,17,-7,-28,-16,-18,-13,-35,-16,21,-22,-12,-9,-1,-14,-28,-12,24,-9,-26,-12,2,-10,-14,-13,-21,-7,-4,0,0,0,0,0,0,0,0,0,0,0,0,0,0,0,0,0,0,0,0
-57,-96,15,6,3,162,0,0,0,0,0,0,-19,14,-21,-15,-11,10,-19,-12,-22,-25,-14,-14,-18,0,-17,-16,-15,-3,-22,16,-22,14,-17,1,-12,-11,-15,-16,-8,-5,-11,13,-17,-17,-15,-1,-14,-3,-15,-7,-19,-15,-20,-19,-19,18,-24,0,-15,-7,-5,5,-17,-29,-17,-30,-15,15,-18,-14,-16,15,-13,-28,-13,24,-11,-23,-12,18,-9,-27,-15,-17,-12,-36,-17,23,-19,-8,-18,4,-10,-25,-14,21,-10,-25,-10,1,-7,-16,-10,-21,-8,-3,0,0,0,0,0,0,0,0,0,0,0,0,0,0,0,0,0,0,0,0
-57,-96,15,6,3,163,0,0,0,0,0,0,-17,15,-29,-13,-14,14,-20,-8,-16,-23,-14,-10,-18,11,-21,-18,-10,-1,-32,13,-19,10,-22,-2,-14,-6,-13,-15,-15,3,-15,16,-19,-17,-22,0,-14,0,-14,-9,-17,-16,-21,-16,-20,16,-14,-4,-12,-8,-6,6,-16,-31,-22,-31,-21,16,-23,-6,-18,12,-18,-26,-14,20,-12,-24,-22,23,-10,-25,-19,-12,-24,-29,-14,18,-22,0,-18,1,-9,-25,-18,23,-13,-22,-14,3,-11,-13,-14,-17,-7,-2,0,0,0,0,0,0,0,0,0,0,0,0,0,0,0,0,0,0,0,0
-57,-96,15,6,3,164,0,0,0,0,0,0,-19,14,-25,-5,-14,14,-21,-6,-21,-19,-21,-10,-19,10,-22,-13,-15,-1,-32,15,-23,16,-16,2,-15,-5,-21,-10,-19,2,-14,15,-20,-10,-22,1,-13,1,-15,-4,-25,-13,-24,-18,-19,22,-28,3,-15,-4,-11,8,-17,-27,-20,-24,-22,18,-23,-6,-19,17,-18,-23,-14,25,-14,-21,-14,24,-10,-23,-24,-11,-21,-29,-21,26,-25,-1,-22,4,-14,-23,-18,27,-11,-22,-14,7,-10,-11,-14,-16,-9,-3,0,0,0,0,0,0,0,0,0,0,0,0,0,0,0,0,0,0,0,0
-51,-96,15,6,3,165,0,0,0,0,0,0,-17,21,-33,-9,-17,17,-19,-5,-24,-15,-18,-7,-24,14,-23,-7,-18,2,-32,29,-29,18,-19,8,-16,-3,-20,-5,-19,1,-16,17,-23,-9,-17,5,-16,3,-14,-3,-20,-14,-22,-11,-28,30,-31,7,-20,-6,-10,10,-17,-26,-29,-25,-27,23,-22,-2,-23,17,-20,-20,-14,31,-14,-17,-22,31,-8,-21,-20,-5,-23,-23,-20,30,-20,10,-16,6,-13,-23,-20,31,-13,-21,-13,5,-13,-9,-17,-12,-9,-1,0,0,0,0,0,0,0,0,0,0,0,0,0,0,0,0,0,0,0,0
-54,-96,15,6,3,166,0,0,0,0,0,0,-20,25,-22,-3,-18,16,-22,-2,-25,-13,-20,0,-24,18,-25,-3,-13,2,-30,35,-27,20,-23,11,-15,-2,-17,-5,-20,5,-16,20,-22,-7,-21,8,-13,4,-16,0,-23,-9,-20,-9,-29,29,-31,6,-19,0,-10,10,-15,-21,-22,-20,-25,31,-23,4,-17,22,-20,-18,-15,28,-20,-16,-20,29,-9,-22,-25,-3,-24,-22,-19,36,-30,4,-23,10,-14,-18,-20,33,-10,-19,-12,10,-15,-7,-18,-10,-12,2,0,0,0,0,0,0,0,0,0,0,0,0,0,0,0,0,0,0,0,0
-52,-96,15,6,3,167,0,0,0,0,0,0,-23,23,-33,-1,-13,23,-25,-2,-30,-14,-19,-2,-24,21,-19,0,-13,6,-28,42,-26,29,-18,12,-14,0,-21,-7,-15,7,-18,24,-22,-3,-22,13,-14,8,-17,4,-20,-2,-24,-7,-27,31,-29,13,-18,1,-8,10,-15,-20,-20,-15,-22,31,-27,2,-16,24,-20,-13,-14,31,-14,-15,-17,39,-14,-18,-22,0,-21,-20,-19,32,-25,13,-16,13,-13,-18,-22,37,-12,-18,-17,12,-14,-6,-12,-9,-10,3,0,0,0,0,0,0,0,0,0,0,0,0,0,0,0,0,0,0,0,0
-53,-96,15,6,3,168,0,0,0,0,0,0,-20,29,-26,6,-17,23,-17,5,-26,-4,-19,1,-25,25,-27,0,-15,10,-20,45,-26,25,-22,13,-15,3,-19,0,-18,11,-13,22,-24,0,-23,14,-15,9,-17,7,-20,0,-20,-2,-27,33,-20,15,-17,4,-8,13,-15,-16,-24,-12,-22,32,-31,5,-18,27,-22,-14,-14,33,-11,-10,-20,39,-11,-19,-15,-3,-21,-15,-21,36,-25,18,-21,13,-13,-15,-17,35,-10,-13,-12,12,-10,-5,-24,-5,-8,3,0,0,0,0,0,0,0,0,0,0,0,0,0,0,0,0,0,0,0,0
-55,-96,15,6,3,169,0,0,0,0,0,0,-16,28,-23,11,-19,26,-20,10,-22,0,-14,3,-24,29,-22,0,-14,12,-33,43,-26,32,-22,19,-13,7,-20,0,-15,12,-15,28,-18,0,-16,13,-11,12,-16,4,-18,5,-19,0,-22,39,-20,18,-17,10,-8,13,-18,-16,-21,-5,-26,41,-25,11,-14,31,-20,-12,-14,38,-12,-7,-19,37,-10,-16,-20,6,-16,-13,-15,40,-21,17,-14,16,-13,-14,-21,39,-11,-13,-12,16,-12,-1,-14,-2,-9,3,0,0,0,0,0,0,0,0,0,0,0,0,0,0,0,0,0,0,0,0
-56,-96,15,6,3,170,0,0,0,0,0,0,-14,34,-21,15,-14,29,-22,11,-19,1,-11,6,-19,35,-21,3,-11,11,-22,50,-18,36,-13,21,-10,8,-17,9,-14,19,-12,27,-16,3,-17,17,-13,17,-12,6,-15,0,-19,0,-22,44,-21,18,-13,9,-8,16,-15,-12,-17,-7,-16,38,-24,13,-14,32,-14,-5,-13,40,-17,-9,-17,42,-8,-14,-17,2,-22,-11,-17,44,-18,22,-13,19,-11,-10,-19,42,-7,-12,-10,17,-11,0,-12,-4,-8,5,0,0,0,0,0,0,0,0,0,0,0,0,0,0,0,0,0,0,0,0
-51,-96,15,6,3,171,0,0,0,0,0,0,-8,36,-15,15,-9,31,-9,18,-18,-1,-10,10,-13,31,-16,11,-9,14,-23,53,-19,39,-18,21,-6,10,-14,8,-10,15,-11,30,-16,7,-10,23,-9,15,-12,13,-15,11,-11,5,-17,45,-16,23,-15,10,-8,18,-14,-11,-11,-2,-20,39,-16,18,-13,32,-16,-1,-9,39,-6,-7,-13,45,-10,-10,-14,8,-14,-5,-11,48,-14,30,-13,18,-10,-8,-14,47,-12,-13,-8,19,-8,2,-12,1,-6,8,0,0,0,0,0,0,0,0,0,0,0,0,0,0,0,0,0,0,0,0
-54,-96,15,6,3,172,0,0,0,0,0,0,-5,36,-14,19,-11,33,-10,16,-15,9,-7,8,-17,37,-11,9,-9,21,-20,57,-10,45,-8,27,-8,10,-8,11,-9,19,-11,32,-12,8,-9,18,-9,20,-9,13,-11,14,-10,5,-5,49,-12,24,-6,17,-3,18,-9,-9,-10,-2,-15,45,-13,20,-8,37,-7,-6,-6,42,-7,-2,-7,47,-5,-12,-9,11,-12,-5,-13,46,-8,29,-12,23,-7,-7,-10,48,-6,-9,-8,23,-5,2,-6,2,-4,8,0,0,0,0,0,0,0,0,0,0,0,0,0,0,0,0,0,0,0,0
-57,-96,15,6,3,173,0,0,0,0,0,0,-8,38,-15,16,-7,35,-5,22,-8,8,-7,13,-6,41,-4,16,-2,20,-19,58,-9,44,-9,27,-4,9,-1,12,-5,20,-8,34,-5,10,-2,25,0,21,-7,16,-8,10,-7,10,-12,46,-12,30,-4,16,-2,18,-6,-7,-9,2,-9,49,-11,30,-7,40,-8,1,-3,45,0,-4,-5,48,-4,-10,-5,16,-9,-1,-9,50,-7,37,-7,25,-7,-7,-8,50,-3,-9,-3,23,-3,3,-4,5,-3,9,0,0,0,0,0,0,0,0,0,0,0,0,0,0,0,0,0,0,0,0
-55,-96,15,6,3,174,0,0,0,0,0,0,-3,41,-4,22,0,33,-1,20,-4,13,-3,13,-6,44,-9,18,-1,20,2,64,-5,46,-3,27,-1,13,-7,14,0,20,-3,31,-6,11,0,26,0,28,-3,14,-1,16,-1,10,-3,51,-1,32,-3,14,-2,19,-3,-7,0,4,-7,48,0,24,-4,42,0,3,-2,47,-2,-2,-1,52,-2,-11,-1,11,-4,0,-5,49,-4,32,-5,30,-6,-4,-5,48,-2,-10,-3,22,-5,5,-1,11,-2,10,0,0,0,0,0,0,0,0,0,0,0,0,0,0,0,0,0,0,0,0
-51,-96,15,6,3,175,0,0,0,0,0,0,0,39,-1,26,-3,35,-4,20,1,12,1,12,0,42,-1,21,0,21,-1,62,-1,45,0,34,1,15,2,15,-1,23,-1,35,0,12,3,29,-2,25,0,14,0,16,2,12,-1,51,0,36,0,17,0,20,-2,-9,2,9,-2,50,-4,31,0,41,3,4,3,44,-1,0,-3,54,0,-10,3,18,0,3,3,53,5,34,1,30,0,-2,2,52,0,-9,3,24,-3,5,0,7,1,11,0,0,0,0,0,0,0,0,0,0,0,0,0,0,0,0,0,0,0,0
-55,-96,15,6,3,176,0,0,0,0,0,0,4,46,3,27,0,37,2,23,2,13,0,16,3,49,0,16,1,19,9,58,4,48,5,30,3,13,4,15,3,23,3,34,0,14,4,26,1,23,2,14,1,16,1,11,3,48,5,30,1,18,1,21,0,-5,6,0,9,51,3,26,4,41,3,2,2,49,0,0,5,53,4,-9,7,13,0,-2,4,51,5,33,7,29,5,-4,5,52,2,-7,1,26,2,5,2,9,2,10,0,0,0,0,0,0,0,0,0,0,0,0,0,0,0,0,0,0,0,0
-52,-96,15,6,3,177,0,0,0,0,0,0,4,42,12,26,1,35,7,23,6,12,7,10,5,43,10,17,8,17,10,60,12,45,5,32,6,14,3,12,2,23,3,36,9,13,6,28,5,22,5,16,8,16,12,9,14,57,6,34,2,20,0,20,3,-5,8,3,11,51,6,26,4,42,2,0,5,46,7,-3,2,54,3,-9,9,14,10,6,4,53,10,33,5,32,0,-7,0,50,2,-7,2,22,5,4,1,10,0,10,0,0,0,0,0,0,0,0,0,0,0,0,0,0,0,0,0,0,0,0
-51,-96,15,6,3,178,0,0,0,0,0,0,10,40,11,23,10,33,9,17,15,16,9,12,9,49,11,14,6,20,19,57,11,48,7,30,4,13,7,10,9,22,7,35,9,14,3,25,8,26,8,15,11,17,9,11,10,53,10,30,9,17,3,18,8,-8,11,3,10,48,14,26,12,39,9,0,7,47,8,0,6,52,6,-9,10,12,12,2,10,52,8,36,12,29,5,-4,10,51,5,-6,8,22,5,6,8,6,6,13,0,0,0,0,0,0,0,0,0,0,0,0,0,0,0,0,0,0,0,0
-54,-96,15,6,3,179,0,0,0,0,0,0,17,38,15,21,4,33,15,14,13,8,10,13,13,41,13,14,6,20,16,54,15,48,10,27,9,13,12,14,11,18,9,34,14,10,10,23,10,26,7,14,11,14,11,5,18,55,13,25,6,14,6,18,4,-9,12,0,16,48,17,26,15,38,13,-2,11,44,7,-1,10,54,7,-9,13,14,10,0,15,51,18,33,12,28,9,-3,9,50,6,-9,9,23,8,3,12,5,4,9,0,0,0,0,0,0,0,0,0,0,0,0,0,0,0,0,0,0,0,0
